1 5976
1 4191
0 2003
1 812
1 369
0 196
1 80
0 31
1 10
1 5
1 1
0 2
1 6
0 7
1 26
0 16
1 15
0 12
1 21
0 17
1 28
0 27
0 29
1 47
1 43
0 39
1 36
0 33
0 37
1 42
0 41
1 44
0 59
1 53
0 50
1 48
0 49
1 52
1 56
0 54
0 58
1 68
1 61
0 60
0 63
0 73
1 71
0 70
1 77
0 134
1 99
1 87
0 85
1 83
0 82
1 86
0 93
1 91
1 95
0 94
0 96
0 120
1 110
1 105
0 103
0 107
0 113
1 111
1 115
0 118
1 123
1 121
0 122
1 131
0 126
0 132
1 156
1 148
0 139
1 137
0 135
0 138
1 145
0 142
0 147
0 153
1 151
0 152
1 154
0 174
1 161
1 159
0 157
1 168
0 163
0 173
1 188
0 181
1 175
0 178
1 187
0 183
1 194
0 190
0 195
1 260
1 228
0 208
1 202
1 201
1 205
0 207
1 212
1 210
0 211
0 215
1 213
1 216
0 226
0 241
1 232
1 229
1 238
0 236
0 239
1 252
0 248
1 242
0 244
1 251
0 256
1 255
0 254
1 259
0 317
1 281
1 268
0 263
1 262
1 266
0 276
1 274
0 272
1 279
0 277
0 280
0 297
1 289
1 286
0 288
1 294
0 290
0 295
1 311
0 303
1 300
0 299
1 309
0 305
0 310
1 312
1 336
1 326
0 321
1 318
0 319
1 324
0 325
0 328
1 327
1 334
0 329
0 352
1 343
0 339
1 337
1 340
0 342
1 351
0 348
1 359
1 357
0 355
0 366
1 361
0 360
1 367
0 606
1 460
0 405
1 394
0 379
1 371
1 370
0 377
1 373
0 372
1 378
1 384
1 380
0 381
1 389
0 387
0 390
1 399
1 395
0 403
1 401
0 402
1 404
1 430
1 422
0 411
1 408
0 406
0 410
1 418
0 412
0 420
0 424
1 423
1 428
0 427
0 438
1 434
1 431
0 432
1 435
0 437
1 446
0 441
1 439
1 442
0 454
1 452
1 456
0 455
0 541
1 495
0 480
1 475
0 470
1 462
0 468
1 472
1 477
0 479
1 488
0 483
1 481
1 485
0 486
0 490
1 489
1 491
0 492
0 520
1 509
0 500
1 498
0 496
0 499
1 505
0 503
0 508
0 514
1 512
1 518
0 519
1 529
0 527
1 525
1 528
0 537
1 531
1 540
0 538
1 573
0 558
1 549
0 546
1 544
1 547
0 551
1 550
1 553
0 554
1 565
1 559
0 563
1 567
0 566
0 594
1 589
0 585
1 578
0 577
0 582
1 587
0 586
0 588
1 592
0 591
1 597
1 596
0 595
1 602
0 599
0 604
1 711
0 665
1 644
0 631
1 618
0 613
1 609
0 607
0 612
1 616
0 627
1 625
0 620
0 626
1 629
1 639
1 632
1 640
0 641
0 655
1 649
0 646
1 645
1 647
0 648
1 652
0 654
1 659
1 657
0 656
1 661
1 691
1 674
0 669
1 667
0 666
1 673
0 670
0 678
1 677
1 685
0 683
0 700
1 694
1 693
0 697
1 696
1 699
0 698
1 708
1 707
0 703
1 710
0 778
1 740
0 720
1 717
1 712
1 718
0 719
1 726
1 724
0 730
1 729
0 727
1 733
0 754
1 746
1 742
0 741
0 744
1 752
0 749
0 753
1 765
0 757
1 756
1 761
0 763
0 771
1 770
1 775
0 776
1 800
0 786
1 781
1 779
0 780
1 785
0 782
1 788
1 787
0 797
1 796
0 795
1 799
1 809
0 805
1 803
0 802
0 804
1 806
0 808
1 811
0 810
0 1406
1 1154
0 1013
1 889
1 833
0 819
1 814
1 813
1 818
0 817
1 823
1 822
0 820
0 826
1 824
1 828
0 827
0 832
0 865
1 843
0 838
1 835
0 834
1 841
0 840
0 856
1 848
0 847
1 859
0 857
0 864
1 875
0 872
1 867
0 866
0 871
1 873
0 882
1 879
0 876
1 886
0 885
0 888
0 950
1 920
0 909
1 899
0 894
1 893
1 898
0 895
1 902
0 900
1 917
0 914
1 911
1 915
0 916
1 918
1 937
0 928
1 924
0 923
0 925
1 933
0 934
0 941
1 939
0 938
0 940
1 944
0 943
0 946
1 976
0 957
1 955
1 953
0 952
0 954
1 956
1 960
1 959
0 966
1 965
0 964
1 967
0 996
1 989
0 982
1 977
1 985
0 987
0 993
1 992
0 990
1 994
0 995
1 1003
1 998
1 1012
1 1100
0 1041
1 1026
1 1015
1 1014
0 1018
1 1016
1 1023
0 1020
0 1024
1 1034
1 1029
0 1028
0 1031
1 1039
0 1036
1 1058
1 1052
0 1046
1 1043
0 1042
0 1044
1 1049
0 1055
1 1053
0 1054
1 1056
0 1074
1 1067
0 1060
1 1059
1 1065
0 1062
1 1073
0 1070
1 1090
0 1079
1 1078
0 1076
1 1080
0 1096
1 1091
0 1093
1 1097
1 1124
1 1112
0 1103
1 1102
0 1101
1 1108
0 1118
1 1116
0 1115
0 1117
1 1122
0 1119
0 1123
0 1143
1 1129
1 1127
0 1134
1 1133
0 1131
1 1138
1 1149
1 1146
0 1145
0 1147
1 1152
0 1150
0 1153
1 1298
0 1235
1 1189
0 1169
1 1160
1 1157
0 1156
1 1163
0 1162
0 1164
1 1182
0 1175
1 1173
1 1180
0 1177
0 1181
0 1184
1 1183
1 1185
0 1188
0 1215
1 1204
0 1194
1 1191
0 1193
1 1195
0 1210
1 1208
0 1205
0 1209
1 1212
1 1220
1 1218
0 1216
0 1219
0 1232
1 1226
0 1224
0 1228
1 1233
0 1234
1 1267
1 1249
0 1243
1 1242
0 1239
1 1246
0 1244
0 1259
1 1251
0 1250
0 1255
1 1264
0 1260
0 1266
0 1277
1 1272
1 1271
0 1270
1 1273
0 1274
1 1281
1 1279
0 1280
0 1287
1 1286
1 1291
0 1289
0 1295
0 1347
1 1317
1 1315
0 1310
1 1301
0 1300
0 1303
1 1313
0 1312
1 1316
1 1330
1 1318
0 1326
0 1335
1 1334
0 1332
1 1338
0 1339
1 1382
0 1361
1 1352
1 1349
0 1348
0 1350
1 1355
0 1354
1 1371
0 1364
1 1362
1 1366
0 1369
1 1377
0 1372
0 1379
0 1394
1 1388
0 1385
1 1383
1 1387
0 1386
1 1390
1 1400
1 1397
0 1403
1 1402
0 1401
1 1405
0 1404
1 1642
1 1529
0 1463
1 1434
0 1422
1 1417
0 1409
1 1408
0 1407
1 1410
1 1419
1 1431
0 1426
1 1425
0 1423
1 1428
1 1432
1 1448
0 1438
1 1435
1 1445
0 1444
0 1447
0 1457
1 1455
1 1460
0 1459
0 1462
1 1496
0 1479
1 1466
1 1464
0 1465
0 1469
1 1468
0 1467
1 1473
0 1475
1 1483
1 1481
0 1480
0 1482
0 1493
1 1491
0 1485
0 1492
1 1495
0 1513
1 1501
1 1499
0 1508
1 1507
0 1506
1 1510
0 1509
0 1512
1 1520
0 1517
1 1514
0 1516
1 1519
0 1525
1 1521
0 1524
1 1526
0 1569
1 1556
1 1541
0 1538
1 1532
0 1530
1 1539
0 1540
0 1548
1 1543
0 1542
0 1547
1 1552
0 1549
1 1562
0 1559
1 1558
1 1560
0 1561
0 1564
1 1563
1 1567
0 1565
0 1568
1 1600
0 1578
1 1576
1 1571
0 1570
0 1574
1 1577
1 1582
1 1580
0 1581
0 1596
1 1593
0 1590
0 1595
1 1598
0 1615
1 1611
0 1607
1 1604
0 1601
0 1605
1 1608
0 1609
0 1613
1 1612
1 1614
1 1629
0 1625
1 1618
0 1617
1 1626
0 1628
0 1632
1 1631
1 1641
0 1640
0 1847
1 1725
1 1690
0 1671
1 1661
0 1653
1 1646
0 1649
1 1659
0 1655
0 1669
1 1667
0 1666
1 1670
1 1676
1 1674
0 1672
0 1675
0 1678
1 1677
1 1686
0 1689
0 1699
1 1694
1 1691
0 1692
1 1698
0 1696
1 1713
0 1707
1 1703
0 1705
1 1708
0 1710
0 1723
1 1718
1 1724
0 1796
1 1764
0 1746
1 1740
0 1733
1 1728
0 1727
0 1731
1 1738
0 1736
0 1739
1 1743
0 1741
0 1745
1 1755
0 1751
1 1750
0 1748
1 1752
0 1754
0 1760
1 1758
1 1762
0 1776
1 1770
1 1769
0 1772
1 1771
1 1775
0 1774
1 1785
0 1779
1 1777
1 1781
0 1780
0 1791
1 1789
0 1790
1 1792
1 1824
0 1805
1 1800
1 1799
1 1802
0 1803
1 1815
0 1809
1 1808
0 1806
1 1813
1 1822
0 1819
0 1823
0 1833
1 1828
1 1827
0 1825
1 1830
0 1832
1 1838
1 1837
0 1834
0 1844
1 1842
0 1841
1 1845
1 1909
1 1880
1 1864
0 1851
1 1849
0 1848
0 1850
1 1860
0 1859
0 1862
0 1874
1 1870
0 1867
1 1876
0 1879
1 1890
0 1883
1 1882
1 1887
0 1884
0 1889
0 1903
1 1892
1 1904
0 1906
0 1941
1 1932
1 1916
0 1911
1 1910
1 1913
0 1914
0 1925
1 1921
0 1917
0 1922
1 1928
1 1935
1 1934
1 1938
1 1981
0 1962
1 1948
0 1944
1 1943
1 1947
0 1945
0 1954
1 1952
1 1955
0 1960
1 1975
0 1965
1 1963
1 1971
0 1970
0 1973
1 1979
0 1977
0 1990
1 1986
1 1985
0 1984
1 1989
0 1988
1 2000
0 1995
1 1992
0 1991
0 1993
1 1998
1 2001
1 3160
0 2494
1 2283
0 2151
1 2075
0 2039
1 2029
1 2013
0 2010
1 2005
1 2011
0 2012
1 2023
0 2018
0 2026
1 2033
1 2032
0 2030
1 2037
1 2056
1 2047
1 2045
0 2046
1 2051
0 2050
0 2053
0 2067
1 2059
1 2058
0 2063
1 2061
0 2062
1 2064
1 2071
1 2070
1 2073
0 2072
0 2074
1 2099
1 2086
0 2083
1 2080
0 2079
0 2081
1 2085
0 2091
1 2088
0 2087
0 2089
1 2096
0 2130
1 2105
1 2103
0 2102
0 2104
0 2122
1 2114
0 2112
0 2116
1 2126
0 2125
0 2127
1 2147
0 2139
1 2131
0 2134
1 2140
0 2146
1 2149
1 2216
0 2188
1 2176
1 2161
0 2155
1 2154
1 2156
0 2158
0 2169
1 2166
0 2167
1 2170
1 2186
0 2181
1 2180
1 2183
0 2184
1 2187
1 2210
0 2198
1 2196
0 2191
1 2190
1 2192
0 2194
1 2197
1 2205
1 2202
0 2199
1 2208
0 2206
1 2213
1 2212
1 2214
0 2215
1 2250
0 2229
1 2223
0 2219
1 2217
1 2221
0 2222
0 2226
1 2225
0 2224
1 2228
1 2240
1 2234
0 2230
0 2238
1 2245
0 2265
1 2255
1 2252
0 2251
0 2254
0 2261
1 2258
0 2259
1 2262
1 2275
0 2269
1 2266
0 2268
1 2273
0 2270
0 2278
1 2277
0 2276
1 2282
0 2281
1 2377
1 2327
0 2309
1 2289
1 2285
0 2284
0 2301
1 2300
0 2290
1 2307
0 2306
0 2308
1 2316
0 2314
1 2311
0 2312
1 2315
0 2320
1 2319
1 2324
0 2322
0 2325
0 2351
1 2334
1 2329
0 2332
0 2342
1 2340
0 2337
0 2341
1 2347
0 2344
0 2350
1 2363
0 2356
1 2354
1 2360
0 2358
0 2361
0 2372
1 2366
0 2364
0 2371
1 2376
0 2441
1 2399
1 2388
0 2382
1 2381
1 2383
0 2387
0 2397
1 2391
0 2390
0 2396
1 2398
0 2426
1 2418
0 2412
1 2409
0 2408
0 2410
1 2417
0 2414
1 2421
0 2419
0 2425
1 2436
0 2433
1 2429
0 2428
1 2435
1 2437
0 2438
1 2473
0 2462
1 2453
0 2450
1 2448
0 2444
0 2449
1 2452
0 2451
0 2456
1 2454
0 2455
1 2458
1 2468
1 2465
0 2464
0 2467
1 2470
0 2469
0 2471
1 2487
0 2477
1 2476
0 2475
1 2479
0 2482
1 2491
0 2492
1 2779
0 2643
1 2565
1 2533
0 2516
1 2505
0 2499
1 2498
0 2495
1 2504
0 2500
0 2509
1 2507
0 2508
1 2512
0 2511
0 2515
1 2521
1 2518
1 2525
0 2522
0 2530
0 2554
1 2546
0 2539
1 2536
0 2537
1 2544
0 2543
0 2545
1 2550
0 2548
0 2553
1 2556
1 2555
0 2561
1 2557
0 2558
1 2562
0 2563
0 2596
1 2583
1 2577
0 2572
1 2569
0 2567
0 2570
1 2573
1 2582
0 2581
1 2592
0 2586
1 2584
1 2589
0 2587
0 2590
1 2594
0 2593
0 2595
1 2629
0 2622
1 2610
0 2606
1 2604
0 2599
0 2605
1 2608
0 2616
1 2613
1 2621
0 2619
1 2625
1 2624
1 2627
0 2626
1 2641
0 2637
1 2635
0 2630
0 2636
1 2640
1 2642
1 2692
1 2649
1 2645
1 2644
1 2647
0 2646
0 2648
0 2669
1 2663
0 2652
1 2650
0 2651
1 2657
0 2656
0 2659
1 2667
0 2665
1 2672
1 2671
0 2670
0 2684
1 2680
1 2690
0 2689
0 2691
1 2738
0 2719
1 2707
0 2700
1 2696
0 2695
0 2697
1 2701
0 2705
0 2715
1 2713
0 2710
1 2718
1 2733
0 2721
1 2720
1 2725
0 2729
1 2735
0 2734
0 2736
0 2751
1 2746
1 2744
0 2743
0 2745
1 2750
0 2748
1 2759
0 2755
1 2753
1 2756
0 2772
1 2769
0 2760
0 2770
1 2775
0 2773
0 2777
0 2949
1 2870
0 2835
1 2804
1 2796
0 2789
1 2783
0 2780
0 2787
1 2794
0 2801
1 2797
0 2799
1 2802
0 2819
1 2814
0 2808
1 2805
0 2806
1 2809
1 2816
1 2825
1 2821
0 2820
0 2823
1 2828
0 2827
0 2833
1 2858
0 2844
1 2840
1 2836
0 2839
1 2843
0 2841
1 2849
1 2846
0 2845
0 2855
1 2853
0 2851
1 2856
1 2868
0 2863
1 2862
0 2861
1 2865
0 2867
1 2869
1 2911
0 2891
1 2877
1 2875
0 2871
0 2876
0 2883
1 2882
0 2879
1 2884
1 2897
1 2893
0 2892
0 2894
0 2901
1 2899
1 2904
0 2903
0 2932
1 2925
0 2923
1 2919
0 2914
0 2922
1 2924
0 2929
1 2927
0 2928
1 2931
1 2940
1 2936
0 2934
0 2944
1 2942
0 2941
1 2946
1 3035
1 3003
0 2977
1 2961
0 2957
1 2953
0 2951
1 2958
0 2959
0 2966
1 2964
1 2972
0 2968
0 2976
1 2982
1 2981
0 2978
0 2990
1 2986
0 2983
0 2987
1 2999
0 2992
0 3002
0 3021
1 3008
0 3005
1 3004
1 3007
0 3017
1 3012
0 3009
1 3020
0 3019
1 3024
1 3023
0 3028
1 3026
1 3032
0 3030
0 3034
0 3087
1 3057
1 3043
0 3039
1 3038
0 3036
1 3041
0 3047
1 3045
0 3044
1 3052
0 3056
0 3068
1 3063
0 3059
1 3058
1 3060
0 3061
1 3066
1 3075
1 3073
0 3070
0 3074
1 3085
0 3083
1 3100
1 3095
0 3093
1 3091
0 3092
1 3094
1 3097
0 3096
0 3099
0 3115
1 3107
1 3104
0 3103
1 3109
0 3114
1 3141
0 3125
1 3120
0 3117
1 3130
0 3127
0 3140
0 3148
1 3144
0 3143
0 3145
1 3154
0 3151
0 3157
0 3566
1 3290
1 3234
1 3198
0 3172
1 3165
1 3162
0 3161
0 3164
0 3169
1 3166
1 3170
0 3171
1 3177
1 3175
0 3174
0 3185
1 3178
0 3181
1 3196
0 3190
0 3197
0 3221
1 3214
0 3203
1 3201
0 3200
0 3202
1 3213
0 3204
1 3217
0 3215
0 3219
1 3226
1 3223
1 3229
0 3228
0 3233
1 3266
0 3246
1 3240
1 3238
0 3237
0 3239
0 3243
1 3241
1 3245
0 3244
1 3255
0 3250
1 3248
1 3253
0 3252
0 3262
1 3260
0 3259
1 3265
1 3275
0 3271
1 3269
0 3268
1 3273
0 3283
1 3282
0 3279
1 3287
0 3285
0 3394
1 3345
1 3323
0 3309
1 3295
1 3292
1 3303
0 3302
0 3306
1 3317
0 3315
1 3311
0 3310
0 3312
1 3316
1 3319
1 3333
1 3327
0 3326
0 3330
0 3337
1 3335
0 3336
1 3343
0 3339
1 3374
0 3366
1 3350
1 3347
0 3348
0 3354
1 3352
1 3364
0 3358
0 3365
1 3371
1 3368
0 3367
0 3370
1 3372
0 3373
0 3384
1 3380
0 3376
1 3375
1 3377
0 3379
1 3383
0 3382
1 3386
1 3385
0 3390
1 3387
0 3389
1 3392
1 3470
0 3425
1 3411
0 3401
1 3396
1 3395
1 3398
0 3400
1 3405
1 3402
0 3408
1 3407
1 3409
0 3410
1 3418
1 3414
0 3412
0 3415
1 3421
0 3420
0 3424
1 3448
1 3431
1 3428
0 3430
0 3440
1 3434
0 3439
1 3446
0 3443
0 3447
1 3462
0 3454
1 3449
1 3455
0 3458
0 3468
1 3466
0 3464
0 3467
1 3469
0 3522
1 3505
0 3491
1 3480
0 3478
1 3472
0 3476
1 3479
1 3485
0 3484
0 3487
1 3499
1 3495
0 3493
0 3498
1 3500
0 3504
1 3509
1 3507
0 3506
0 3508
0 3514
1 3512
1 3519
0 3518
1 3540
1 3527
0 3524
1 3523
1 3526
0 3525
0 3534
1 3528
0 3529
1 3537
0 3535
1 3561
0 3549
1 3541
0 3543
1 3557
0 3556
1 3564
0 3563
0 3565
1 3929
0 3758
1 3674
0 3623
1 3595
0 3580
1 3575
1 3574
1 3579
0 3577
1 3584
1 3582
0 3589
1 3585
0 3586
1 3590
0 3611
1 3605
0 3600
1 3596
0 3599
1 3604
0 3601
1 3609
0 3607
0 3610
1 3618
1 3614
0 3612
1 3620
0 3621
1 3645
1 3632
0 3627
1 3624
1 3631
0 3640
1 3635
0 3634
0 3636
1 3641
0 3644
0 3656
1 3649
1 3646
0 3647
1 3653
1 3661
1 3658
0 3657
0 3660
0 3667
1 3665
1 3672
0 3671
0 3717
1 3693
1 3685
0 3681
1 3675
0 3680
1 3683
0 3687
1 3686
1 3689
0 3688
0 3691
0 3703
1 3699
1 3695
0 3696
1 3702
1 3712
0 3705
1 3704
1 3711
0 3708
1 3715
0 3714
1 3740
1 3726
0 3721
1 3720
1 3725
0 3724
1 3730
0 3729
0 3739
1 3747
1 3744
0 3741
0 3751
1 3750
1 3757
0 3755
1 3832
1 3791
0 3777
1 3766
1 3760
0 3759
0 3763
0 3771
1 3767
0 3770
1 3773
0 3772
0 3775
1 3786
0 3780
1 3779
1 3785
0 3782
0 3788
1 3787
1 3789
0 3811
1 3795
1 3794
0 3803
1 3799
0 3801
1 3808
0 3809
1 3822
0 3815
1 3813
0 3814
1 3816
0 3818
0 3825
1 3823
0 3824
1 3829
0 3827
0 3831
1 3887
0 3860
1 3847
0 3834
1 3833
1 3844
0 3837
0 3845
0 3851
1 3849
1 3854
0 3857
1 3867
1 3861
0 3865
0 3877
1 3870
0 3873
1 3884
0 3882
0 3885
0 3903
1 3897
1 3891
0 3888
0 3894
1 3899
0 3901
1 3917
0 3910
1 3906
1 3915
0 3912
0 3916
1 3922
0 3919
0 3927
1 4064
0 3996
1 3965
1 3941
0 3937
1 3933
0 3936
1 3939
0 3956
1 3942
0 3948
1 3957
0 3958
0 3980
1 3972
1 3967
0 3968
1 3976
0 3979
1 3985
1 3982
0 3984
0 3991
1 3988
0 3986
1 3995
1 4019
1 4009
0 4002
1 4000
1 4005
0 4004
0 4008
0 4013
1 4012
1 4017
0 4014
0 4018
0 4044
1 4029
1 4022
0 4020
0 4026
0 4038
1 4033
0 4031
0 4037
1 4041
0 4039
1 4050
0 4048
1 4045
0 4047
1 4049
0 4055
1 4051
0 4053
1 4063
0 4060
0 4136
1 4103
0 4091
1 4084
0 4081
1 4075
0 4072
0 4077
1 4083
0 4082
0 4087
1 4085
1 4090
0 4088
1 4094
1 4093
0 4092
1 4098
1 4118
0 4109
1 4108
0 4104
1 4116
0 4125
1 4124
0 4122
1 4132
0 4134
1 4164
1 4151
0 4138
1 4137
1 4143
0 4142
0 4146
0 4157
1 4156
1 4158
1 4173
0 4168
1 4165
1 4171
0 4169
0 4172
0 4175
1 4174
1 4186
0 4178
0 4189
1 5299
0 4711
1 4509
0 4359
1 4255
1 4230
0 4206
1 4200
0 4195
1 4194
1 4196
0 4199
1 4203
0 4202
0 4204
1 4222
0 4218
1 4214
0 4210
0 4216
1 4221
0 4227
1 4224
0 4225
1 4229
0 4228
0 4244
1 4239
0 4236
1 4234
1 4237
0 4238
1 4241
0 4240
0 4242
1 4249
1 4245
0 4247
1 4253
0 4251
0 4254
0 4316
1 4281
0 4271
1 4261
1 4258
0 4257
0 4266
1 4263
0 4264
1 4267
1 4275
1 4274
1 4279
0 4306
1 4292
0 4289
1 4284
1 4291
0 4290
0 4301
1 4294
0 4293
1 4303
1 4310
1 4308
0 4309
1 4315
1 4336
1 4327
1 4324
0 4317
0 4329
1 4328
1 4334
0 4330
0 4335
1 4347
0 4344
1 4341
0 4342
1 4346
0 4345
0 4357
1 4352
0 4353
1 4358
1 4448
0 4400
1 4381
1 4369
1 4362
0 4364
0 4378
1 4372
0 4373
1 4380
1 4388
0 4383
1 4382
1 4384
0 4395
1 4393
0 4391
0 4394
1 4398
0 4399
1 4438
0 4411
1 4406
1 4404
0 4403
0 4405
1 4408
0 4409
1 4426
1 4421
0 4416
0 4422
0 4434
1 4431
0 4433
1 4436
0 4437
1 4443
1 4442
1 4444
0 4445
1 4471
1 4463
0 4458
1 4453
0 4449
0 4457
1 4459
0 4462
1 4468
0 4465
0 4470
0 4495
1 4478
0 4476
1 4472
0 4475
1 4477
1 4490
0 4481
0 4491
1 4503
0 4499
1 4496
1 4502
0 4500
1 4506
0 4505
0 4508
1 4598
0 4547
1 4535
1 4523
0 4515
1 4512
0 4513
1 4518
0 4521
0 4526
1 4525
1 4531
0 4529
1 4540
1 4539
0 4537
0 4543
1 4541
1 4545
0 4544
1 4568
1 4560
0 4553
1 4549
0 4548
0 4551
1 4558
0 4565
1 4561
0 4563
1 4566
0 4586
1 4576
1 4574
0 4572
0 4582
1 4578
0 4579
1 4584
0 4583
1 4593
1 4588
0 4587
0 4590
1 4595
0 4594
0 4596
0 4651
1 4642
0 4617
1 4607
1 4603
0 4601
0 4606
0 4613
1 4610
0 4608
0 4612
1 4616
0 4614
1 4626
0 4624
1 4618
0 4623
1 4625
0 4637
1 4632
0 4627
0 4636
1 4640
0 4638
0 4641
1 4645
1 4643
0 4644
1 4650
1 4680
0 4665
1 4657
1 4656
0 4654
1 4662
0 4660
0 4664
1 4676
0 4673
1 4668
0 4667
0 4671
1 4674
1 4678
0 4677
0 4700
1 4692
0 4690
1 4685
0 4684
0 4688
1 4691
0 4697
1 4695
0 4696
1 4699
1 4708
1 4704
0 4701
0 4707
1 4710
1 4924
1 4787
0 4744
1 4731
1 4719
0 4716
1 4715
0 4713
1 4717
0 4726
1 4722
0 4725
1 4728
1 4739
1 4736
0 4735
0 4738
0 4741
1 4740
1 4743
0 4742
1 4777
0 4764
1 4756
0 4749
1 4747
1 4752
0 4754
0 4762
1 4757
0 4758
1 4763
1 4770
1 4766
0 4768
0 4772
1 4771
1 4776
0 4773
1 4781
1 4780
0 4778
1 4783
0 4782
0 4785
0 4856
1 4820
0 4805
1 4794
0 4790
1 4788
1 4793
0 4792
0 4800
1 4798
0 4797
1 4803
0 4804
1 4809
1 4808
0 4817
1 4813
0 4812
1 4819
0 4818
0 4831
1 4829
0 4825
1 4821
0 4824
1 4828
0 4826
1 4830
1 4833
1 4832
1 4844
0 4843
0 4848
1 4892
0 4875
1 4867
0 4860
1 4858
0 4857
1 4864
0 4861
0 4871
1 4868
0 4870
1 4872
1 4887
0 4881
1 4877
1 4884
0 4882
0 4890
1 4889
1 4891
0 4911
1 4903
0 4899
1 4893
0 4896
1 4900
1 4905
0 4904
0 4910
1 4914
1 4913
0 4919
1 4916
0 4917
1 4923
0 4920
0 5125
1 5042
0 4981
1 4955
0 4939
1 4931
1 4927
0 4925
0 4929
0 4933
1 4932
1 4937
0 4938
1 4952
0 4946
1 4940
0 4944
1 4950
0 4947
0 4951
1 4954
1 4969
1 4960
0 4957
0 4968
1 4976
0 4971
0 4979
1 5017
0 5002
1 4995
0 4989
1 4987
0 4985
0 4988
1 4993
1 4998
0 4999
1 5012
1 5007
0 5006
0 5008
1 5016
1 5030
0 5027
1 5023
0 5022
0 5025
1 5029
0 5028
0 5035
1 5033
1 5037
0 5039
1 5068
1 5060
0 5052
1 5046
0 5043
0 5048
1 5055
0 5054
0 5056
0 5063
1 5062
1 5065
0 5066
0 5100
1 5084
0 5073
1 5069
0 5072
1 5080
0 5078
0 5081
0 5093
1 5088
0 5086
0 5092
1 5097
0 5096
0 5099
1 5108
1 5104
0 5105
0 5122
1 5114
0 5110
0 5116
1 5123
1 5204
0 5169
1 5153
0 5140
1 5132
0 5127
1 5126
1 5131
0 5137
1 5134
1 5139
0 5138
1 5144
1 5143
0 5142
1 5149
0 5146
0 5151
1 5163
0 5161
1 5158
0 5156
0 5160
1 5162
1 5166
0 5164
0 5167
1 5184
1 5174
0 5171
1 5170
1 5173
0 5172
0 5178
1 5176
1 5182
0 5179
0 5183
1 5193
0 5191
1 5186
0 5185
0 5190
1 5192
0 5202
1 5197
0 5196
0 5199
1 5203
0 5253
1 5225
1 5216
0 5209
1 5206
0 5205
1 5211
1 5221
0 5220
0 5222
1 5240
0 5233
1 5230
0 5226
0 5231
1 5236
0 5234
0 5239
0 5246
1 5243
0 5244
1 5247
0 5250
1 5289
0 5269
1 5259
1 5256
0 5255
0 5258
0 5263
1 5260
0 5262
1 5268
0 5267
1 5278
0 5274
1 5272
1 5277
0 5276
0 5285
1 5284
0 5283
1 5287
0 5288
1 5292
1 5291
0 5290
0 5296
1 5293
0 5295
1 5297
1 5531
0 5457
1 5378
1 5335
1 5318
0 5312
1 5307
0 5303
0 5311
1 5317
0 5315
0 5325
1 5324
0 5321
1 5333
0 5334
0 5351
1 5342
1 5339
0 5337
0 5340
0 5348
1 5345
0 5343
1 5350
1 5364
0 5358
1 5353
0 5352
0 5355
1 5363
0 5369
1 5368
0 5365
1 5371
0 5370
0 5373
0 5406
1 5395
1 5385
0 5382
1 5381
1 5383
0 5390
1 5389
0 5386
1 5391
1 5397
1 5396
0 5402
1 5400
0 5398
1 5405
1 5432
1 5418
0 5413
1 5409
0 5408
0 5410
1 5415
1 5424
0 5426
0 5447
1 5439
1 5436
0 5434
0 5437
0 5443
1 5441
0 5440
1 5446
0 5444
1 5452
1 5451
0 5448
0 5455
1 5454
0 5453
1 5456
1 5491
1 5478
0 5474
1 5462
1 5460
0 5458
0 5461
0 5465
1 5464
1 5467
0 5466
0 5469
1 5476
1 5475
1 5477
1 5481
1 5479
0 5480
0 5485
1 5483
1 5489
0 5490
1 5512
0 5504
1 5497
0 5494
1 5493
0 5492
1 5495
1 5500
1 5509
1 5506
0 5505
1 5511
0 5521
1 5515
1 5514
1 5518
0 5516
0 5519
1 5526
1 5522
0 5523
0 5529
1 5527
0 5528
1 5530
0 5734
1 5611
0 5586
1 5551
1 5545
0 5539
1 5537
0 5533
0 5538
1 5543
1 5549
0 5550
0 5572
1 5562
0 5558
1 5552
0 5554
1 5559
0 5561
0 5566
1 5563
0 5565
1 5570
0 5569
0 5571
1 5578
1 5577
1 5582
0 5580
0 5583
1 5600
1 5592
1 5590
0 5587
0 5597
1 5593
0 5594
1 5599
1 5606
0 5604
1 5602
0 5601
1 5605
1 5607
0 5610
0 5697
1 5646
0 5620
1 5618
1 5614
0 5613
0 5615
1 5619
1 5633
0 5622
1 5621
1 5628
0 5626
0 5629
0 5637
1 5635
1 5644
0 5640
0 5676
1 5665
0 5654
1 5649
0 5648
0 5650
1 5657
0 5655
0 5671
1 5669
0 5666
0 5670
1 5672
0 5673
1 5687
0 5683
1 5680
0 5679
1 5684
0 5686
1 5693
0 5695
1 5717
1 5708
0 5705
1 5699
0 5698
0 5704
1 5706
1 5710
1 5727
0 5721
1 5720
1 5725
0 5723
0 5731
1 5729
0 5728
1 5733
1 5872
0 5818
1 5774
0 5748
1 5741
0 5737
1 5735
0 5736
1 5740
1 5746
0 5744
0 5747
1 5760
0 5753
1 5749
1 5756
0 5755
0 5757
0 5764
1 5761
1 5765
0 5769
0 5792
1 5786
0 5779
1 5778
1 5784
0 5783
0 5785
1 5791
0 5788
1 5805
0 5801
1 5798
0 5795
0 5799
1 5802
0 5804
0 5814
1 5810
0 5813
1 5815
0 5817
1 5857
0 5828
1 5821
1 5819
0 5820
1 5823
0 5822
0 5824
1 5847
0 5834
1 5829
1 5835
0 5841
1 5852
0 5851
0 5854
1 5865
0 5861
1 5860
1 5863
0 5864
0 5869
1 5868
0 5866
1 5870
0 5871
0 5899
1 5889
1 5884
0 5878
1 5874
0 5875
1 5881
1 5888
1 5894
1 5891
0 5890
0 5892
1 5896
1 5938
0 5911
1 5905
1 5901
0 5903
1 5909
0 5907
1 5919
1 5914
0 5930
1 5925
0 5926
1 5931
0 5936
0 5955
1 5950
0 5946
1 5940
0 5939
1 5949
0 5948
1 5951
1 5964
1 5958
0 5963
0 5974
1 5967
0 5965
1 5975
1 7586
1 6584
1 6333
0 6144
1 6099
0 6029
1 6006
1 5996
0 5987
1 5979
0 5978
0 5986
1 5994
1 6001
0 5999
0 6017
1 6012
1 6007
0 6010
1 6013
1 6024
0 6022
1 6020
0 6019
1 6023
1 6025
0 6026
1 6076
0 6055
1 6045
0 6037
1 6035
0 6031
0 6036
1 6040
0 6051
1 6049
0 6046
1 6054
0 6052
1 6068
0 6062
1 6058
1 6065
0 6063
0 6067
1 6072
0 6069
0 6083
1 6081
1 6079
0 6078
1 6082
1 6088
1 6086
0 6084
0 6087
1 6092
0 6089
0 6094
1 6116
1 6114
0 6110
1 6107
0 6104
0 6109
1 6111
0 6113
1 6115
0 6123
1 6119
1 6117
0 6118
1 6120
0 6122
1 6126
1 6125
0 6133
1 6131
0 6130
1 6139
1 6220
1 6167
0 6156
1 6148
1 6146
1 6151
0 6149
1 6160
1 6158
0 6163
1 6162
1 6166
0 6165
0 6192
1 6180
0 6174
1 6168
0 6171
1 6175
0 6187
1 6182
0 6181
0 6185
1 6191
0 6190
1 6202
0 6199
1 6197
0 6198
1 6200
0 6201
0 6209
1 6207
1 6215
0 6214
0 6216
0 6285
1 6251
0 6233
1 6224
1 6221
1 6229
0 6228
0 6231
1 6239
1 6235
0 6238
0 6246
1 6244
1 6248
0 6247
0 6250
0 6266
1 6257
1 6254
1 6262
0 6259
0 6263
1 6273
0 6271
1 6268
0 6270
1 6272
0 6277
1 6276
0 6275
1 6283
1 6306
1 6295
1 6288
0 6286
0 6294
0 6302
1 6296
0 6297
1 6303
0 6304
1 6317
0 6310
1 6308
1 6314
0 6312
0 6323
1 6319
0 6322
1 6332
1 6473
0 6402
1 6360
1 6349
0 6342
1 6340
0 6336
0 6341
1 6344
0 6346
0 6357
1 6351
0 6355
1 6359
0 6382
1 6369
1 6368
0 6366
0 6373
1 6371
0 6372
1 6377
0 6374
0 6381
1 6393
0 6387
1 6384
0 6383
0 6385
1 6392
0 6390
0 6398
1 6394
0 6395
1 6401
1 6441
0 6417
1 6407
1 6406
1 6412
0 6415
1 6433
0 6427
1 6423
0 6420
0 6424
1 6428
0 6432
0 6435
1 6434
1 6436
0 6439
0 6457
1 6451
0 6449
1 6443
0 6447
1 6450
1 6454
0 6452
1 6462
1 6458
0 6469
1 6468
0 6465
1 6471
0 6520
1 6497
0 6483
1 6476
1 6475
1 6479
0 6477
1 6490
0 6487
1 6485
0 6484
1 6488
1 6492
0 6491
0 6496
0 6505
1 6499
1 6498
0 6502
1 6501
1 6504
0 6503
1 6514
0 6511
1 6507
0 6506
0 6508
1 6512
0 6513
0 6516
1 6515
1 6518
0 6517
1 6540
1 6534
0 6524
1 6523
0 6521
1 6532
0 6537
1 6535
0 6536
1 6538
0 6558
1 6555
0 6545
1 6543
0 6541
1 6552
0 6548
0 6554
1 6556
1 6570
0 6566
1 6564
0 6562
1 6569
0 6568
0 6579
1 6573
0 6571
0 6576
1 6581
0 6580
0 7135
1 6848
0 6700
1 6631
1 6619
1 6606
0 6599
1 6595
0 6586
0 6597
1 6603
0 6600
0 6604
0 6613
1 6610
0 6608
0 6612
1 6616
0 6614
0 6618
1 6623
1 6621
0 6622
1 6629
0 6626
0 6630
1 6670
0 6644
1 6636
1 6632
0 6635
1 6639
0 6642
1 6659
0 6653
1 6648
0 6652
1 6656
0 6661
1 6660
1 6665
0 6669
1 6687
0 6674
1 6673
0 6672
1 6680
0 6675
0 6683
0 6693
1 6691
0 6690
1 6695
0 6698
1 6729
1 6711
1 6707
1 6706
0 6705
1 6710
0 6709
1 6718
0 6714
1 6713
1 6716
0 6715
0 6725
1 6724
0 6723
1 6727
0 6728
0 6781
1 6752
1 6745
0 6734
1 6730
0 6732
1 6740
0 6738
1 6747
0 6746
0 6751
1 6773
0 6755
1 6753
1 6758
0 6756
0 6762
0 6778
1 6775
0 6776
1 6779
0 6780
1 6813
1 6802
0 6788
1 6786
0 6783
0 6787
1 6792
0 6791
0 6799
0 6807
1 6804
0 6803
0 6806
1 6810
0 6808
0 6828
1 6816
1 6815
1 6820
0 6819
0 6827
1 6838
0 6830
1 6829
1 6831
0 6837
1 6842
0 6839
0 6844
0 7018
1 6944
1 6892
0 6860
1 6853
1 6850
0 6849
0 6851
1 6859
0 6854
1 6874
0 6864
1 6862
0 6861
1 6868
0 6866
0 6871
0 6884
1 6880
0 6875
0 6883
1 6888
0 6885
0 6891
0 6914
1 6907
0 6900
1 6893
1 6904
0 6905
1 6911
0 6909
0 6912
1 6928
0 6926
1 6919
0 6915
0 6921
1 6927
0 6935
1 6931
1 6939
0 6936
0 6989
1 6969
0 6962
1 6952
1 6951
0 6957
1 6956
1 6959
0 6960
1 6966
1 6965
0 6964
1 6967
0 6968
1 6981
1 6976
0 6975
0 6978
0 6985
1 6982
1 6987
0 6986
1 7003
1 6998
0 6993
1 6990
1 6994
0 6996
1 6999
0 7000
1 7010
1 7006
0 7004
1 7016
0 7012
0 7017
1 7048
1 7037
0 7027
1 7025
1 7023
0 7021
0 7024
1 7026
1 7034
0 7030
1 7028
0 7029
1 7032
1 7035
1 7039
1 7038
1 7044
0 7040
0 7045
0 7101
1 7078
0 7067
1 7058
0 7054
1 7051
0 7053
1 7055
0 7057
1 7063
0 7062
0 7064
1 7071
1 7070
0 7069
1 7077
0 7075
0 7091
1 7081
1 7079
1 7083
0 7085
1 7096
0 7093
1 7092
1 7095
0 7094
1 7099
0 7098
0 7100
1 7120
1 7110
1 7105
0 7102
0 7107
0 7116
1 7111
0 7114
1 7117
1 7124
1 7123
0 7121
0 7128
1 7127
1 7130
0 7134
1 7389
0 7238
1 7165
1 7146
1 7143
1 7142
0 7136
1 7145
1 7153
1 7150
0 7147
0 7152
0 7159
1 7158
0 7155
1 7164
0 7163
0 7196
1 7184
1 7179
0 7173
1 7167
0 7166
1 7175
0 7178
1 7180
0 7182
1 7191
0 7187
1 7186
1 7190
0 7188
1 7192
1 7217
1 7207
0 7204
1 7200
0 7198
0 7201
1 7205
1 7210
0 7216
0 7227
1 7220
1 7218
0 7223
1 7221
0 7222
1 7225
1 7233
1 7232
0 7229
1 7237
1 7304
1 7278
0 7263
1 7248
0 7242
1 7241
1 7243
0 7246
0 7251
1 7249
1 7259
0 7256
0 7260
1 7274
1 7266
0 7264
0 7272
1 7276
0 7275
1 7292
0 7286
1 7280
0 7279
0 7283
1 7289
0 7287
0 7290
0 7295
1 7294
1 7302
0 7298
0 7303
0 7348
1 7330
0 7323
1 7310
0 7307
1 7306
0 7305
1 7308
0 7321
1 7316
0 7314
1 7322
1 7327
1 7326
1 7329
1 7336
1 7333
0 7331
0 7334
0 7342
1 7338
0 7337
1 7344
1 7378
0 7357
1 7350
1 7349
0 7354
1 7352
0 7351
0 7353
1 7355
1 7361
1 7358
0 7367
1 7364
0 7363
1 7374
0 7370
0 7377
1 7384
1 7380
0 7379
0 7381
1 7387
0 7386
1 7487
0 7445
1 7414
0 7401
1 7397
0 7393
1 7390
0 7392
1 7395
0 7394
1 7398
1 7410
1 7409
0 7404
1 7413
0 7412
1 7437
0 7433
1 7419
0 7415
0 7421
1 7434
0 7435
0 7440
1 7438
1 7443
0 7444
1 7459
1 7452
1 7446
0 7447
0 7456
1 7453
1 7458
0 7457
0 7475
1 7472
0 7466
1 7462
0 7465
1 7467
1 7474
1 7480
1 7476
1 7484
0 7481
0 7485
0 7540
1 7512
1 7500
0 7489
1 7488
1 7495
0 7493
0 7498
0 7505
1 7503
0 7502
1 7510
0 7506
0 7511
0 7521
1 7517
0 7514
1 7513
1 7515
0 7516
1 7520
0 7519
1 7529
0 7524
1 7523
0 7522
1 7526
0 7525
0 7527
1 7531
1 7554
1 7546
0 7544
1 7542
0 7541
1 7545
0 7550
1 7549
1 7553
0 7552
0 7579
1 7568
0 7559
1 7557
1 7561
0 7560
0 7570
1 7569
1 7573
0 7571
0 7577
1 7583
1 7581
1 7584
0 7585
0 8883
1 8279
1 7980
0 7764
1 7660
0 7616
1 7609
1 7592
1 7590
0 7588
0 7591
1 7599
0 7597
0 7608
1 7612
1 7611
0 7610
1 7614
0 7613
0 7615
1 7633
1 7622
1 7620
0 7618
0 7621
0 7625
1 7624
1 7630
0 7629
0 7632
0 7644
1 7638
1 7635
0 7634
1 7643
0 7641
1 7653
0 7648
1 7646
1 7651
0 7649
1 7658
0 7657
0 7691
1 7676
1 7668
0 7666
1 7664
0 7663
1 7667
1 7673
0 7669
0 7675
1 7682
1 7678
0 7677
0 7679
1 7687
0 7684
1 7718
0 7705
1 7700
0 7694
1 7692
1 7698
0 7695
1 7702
1 7712
1 7710
0 7709
0 7711
1 7716
0 7743
1 7726
1 7720
0 7719
0 7721
0 7735
1 7729
0 7730
1 7739
0 7737
0 7742
1 7758
0 7751
1 7749
0 7746
0 7750
1 7753
0 7757
1 7763
1 7876
0 7824
1 7798
0 7790
1 7776
0 7770
1 7767
0 7766
0 7769
1 7772
0 7771
0 7775
0 7780
1 7777
0 7778
1 7789
1 7793
1 7792
0 7791
1 7797
0 7796
0 7810
1 7803
1 7800
0 7799
0 7801
0 7807
1 7806
0 7804
1 7809
0 7808
1 7818
1 7814
0 7813
0 7815
1 7823
0 7822
1 7845
1 7835
0 7828
1 7826
0 7825
0 7827
1 7833
0 7832
0 7839
1 7838
0 7837
1 7842
0 7855
1 7850
1 7847
0 7848
1 7851
0 7852
1 7868
0 7860
1 7857
1 7863
0 7861
0 7872
1 7871
0 7870
1 7873
0 7875
0 7914
1 7897
1 7888
0 7884
1 7879
0 7881
1 7886
0 7893
1 7890
0 7889
0 7892
1 7894
0 7895
1 7900
1 7898
0 7909
1 7904
0 7902
0 7907
1 7911
1 7932
1 7924
0 7920
1 7915
0 7917
1 7922
0 7921
0 7923
0 7930
1 7929
0 7928
1 7931
0 7957
1 7941
0 7938
1 7935
0 7933
0 7937
1 7940
0 7939
0 7948
1 7944
0 7942
0 7947
1 7955
1 7966
1 7961
0 7960
0 7964
0 7973
1 7972
0 7971
1 7975
0 7977
0 8141
1 8070
0 8025
1 7996
1 7987
0 7983
1 7982
0 7981
1 7985
0 7986
1 7991
0 7988
0 7994
0 8004
1 8001
1 7998
0 7997
0 8000
1 8003
0 8002
1 8013
0 8008
1 8005
0 8006
1 8009
0 8020
1 8017
0 8016
0 8019
1 8024
1 8057
0 8047
1 8030
1 8029
0 8040
1 8039
0 8035
1 8042
0 8046
1 8049
1 8048
1 8053
0 8054
1 8065
1 8061
0 8060
0 8062
1 8066
1 8119
0 8096
1 8079
0 8075
1 8071
0 8072
1 8076
0 8085
1 8082
0 8084
1 8093
0 8088
0 8095
1 8106
0 8098
1 8097
1 8102
0 8099
0 8105
0 8110
1 8108
0 8109
1 8111
0 8114
0 8126
1 8122
1 8121
0 8120
1 8124
1 8137
0 8135
1 8132
0 8129
0 8134
1 8136
1 8139
1 8208
0 8169
1 8158
0 8150
1 8147
0 8144
1 8143
1 8146
0 8145
1 8149
0 8148
1 8153
1 8152
1 8156
0 8155
0 8157
1 8163
1 8160
0 8159
0 8162
1 8167
0 8166
1 8199
0 8183
1 8175
1 8172
0 8170
0 8173
1 8177
0 8180
1 8194
0 8189
1 8188
1 8193
0 8191
1 8197
0 8196
1 8204
1 8202
0 8200
0 8203
1 8205
0 8207
0 8250
1 8229
0 8221
1 8210
1 8209
0 8217
1 8213
0 8216
1 8220
1 8224
1 8223
0 8222
1 8228
0 8243
1 8234
1 8232
0 8231
0 8240
1 8239
0 8238
1 8241
1 8246
1 8245
1 8247
0 8248
1 8263
1 8258
0 8254
1 8251
1 8256
0 8257
1 8261
1 8267
1 8266
0 8264
0 8274
1 8271
0 8269
0 8273
1 8277
0 8275
0 8278
1 8602
0 8428
1 8347
1 8315
0 8295
1 8284
1 8283
0 8282
0 8292
1 8288
0 8287
0 8289
1 8293
1 8305
0 8299
1 8298
0 8296
1 8301
0 8303
1 8309
0 8307
0 8311
1 8338
0 8329
1 8326
0 8322
1 8337
1 8345
0 8400
1 8386
0 8372
1 8361
0 8356
1 8352
0 8348
1 8360
0 8358
0 8366
1 8363
0 8365
1 8368
0 8371
1 8383
1 8377
0 8375
0 8381
1 8385
1 8390
1 8387
0 8397
1 8392
0 8391
0 8393
1 8399
1 8409
1 8404
1 8402
1 8407
0 8405
0 8408
1 8419
0 8412
1 8410
0 8411
1 8415
0 8413
1 8422
0 8420
0 8423
1 8515
0 8478
1 8463
0 8446
1 8437
1 8434
0 8429
0 8436
0 8439
1 8438
1 8444
0 8442
0 8445
1 8458
0 8454
1 8448
0 8447
0 8453
1 8455
1 8462
1 8470
0 8467
1 8466
1 8468
0 8469
0 8473
1 8471
1 8477
0 8475
1 8492
1 8488
1 8486
1 8489
0 8491
0 8502
1 8497
1 8494
0 8493
0 8496
1 8499
1 8508
0 8504
1 8503
1 8505
0 8506
1 8510
0 8513
0 8567
1 8530
1 8522
0 8517
1 8516
1 8521
0 8518
0 8526
1 8523
0 8525
1 8528
0 8556
1 8542
1 8539
0 8533
0 8540
0 8552
1 8545
0 8543
1 8554
1 8565
1 8562
0 8559
0 8563
1 8566
1 8587
1 8578
0 8572
1 8570
0 8569
1 8574
0 8575
1 8581
0 8580
0 8586
1 8592
1 8588
0 8591
1 8597
0 8595
0 8599
0 8727
1 8673
1 8638
1 8622
0 8610
1 8606
0 8607
1 8618
0 8616
0 8620
0 8631
1 8625
0 8623
0 8626
1 8635
0 8633
0 8636
0 8651
1 8648
0 8643
1 8640
0 8642
1 8644
1 8649
0 8650
1 8667
0 8659
1 8654
0 8652
0 8658
1 8666
0 8665
1 8671
1 8695
1 8677
1 8674
0 8686
1 8684
0 8678
1 8690
0 8687
0 8692
0 8713
1 8708
0 8701
1 8698
0 8697
0 8699
1 8705
0 8707
1 8710
0 8711
1 8718
1 8716
0 8715
0 8717
0 8720
1 8719
1 8724
0 8725
1 8779
1 8749
1 8740
0 8734
1 8730
0 8728
0 8733
1 8736
0 8735
1 8746
0 8747
0 8764
1 8753
1 8750
0 8751
0 8759
1 8754
0 8757
1 8762
0 8760
1 8769
0 8766
1 8765
1 8768
0 8767
0 8774
1 8770
0 8773
1 8778
0 8845
1 8807
0 8798
1 8793
1 8790
0 8783
0 8792
1 8795
1 8805
0 8801
1 8799
0 8800
1 8803
0 8804
1 8806
0 8836
1 8818
1 8810
0 8815
0 8828
1 8819
0 8827
1 8834
0 8833
1 8843
1 8838
0 8837
0 8839
1 8844
1 8859
1 8850
1 8848
0 8846
0 8853
1 8852
0 8851
1 8855
0 8854
0 8856
0 8872
1 8862
1 8860
0 8866
1 8864
1 8869
0 8867
1 8877
1 8876
0 8873
1 8879
0 8878
0 8880
1 9296
1 9128
0 9002
1 8929
1 8914
0 8896
1 8891
1 8888
0 8885
0 8894
1 8893
0 8892
1 8895
1 8906
0 8900
1 8898
1 8903
0 8904
1 8908
0 8913
1 8924
0 8916
1 8915
1 8918
0 8917
0 8920
1 8928
0 8926
0 8979
1 8944
1 8936
0 8933
1 8932
0 8930
1 8934
0 8938
1 8937
1 8941
0 8939
0 8942
0 8967
1 8950
1 8947
0 8945
0 8948
1 8954
0 8953
0 8955
1 8972
1 8970
0 8968
0 8977
1 8974
0 8975
1 8978
1 8987
1 8982
1 8981
1 8985
0 8983
1 8999
0 8991
1 8990
1 8993
0 8997
1 9000
1 9081
0 9054
1 9037
0 9017
1 9007
1 9006
0 9003
1 9014
1 9025
1 9022
0 9020
0 9023
0 9029
1 9027
1 9034
0 9033
1 9044
1 9041
0 9038
0 9052
1 9046
0 9048
1 9053
1 9060
1 9056
1 9055
1 9057
0 9058
1 9069
0 9064
1 9061
1 9068
0 9078
1 9073
0 9072
0 9077
1 9079
1 9092
1 9085
1 9082
0 9088
1 9086
0 9087
1 9091
0 9089
0 9100
1 9096
1 9094
0 9093
0 9095
1 9099
0 9097
1 9111
0 9106
1 9105
0 9103
1 9108
0 9107
0 9110
0 9119
1 9115
0 9118
1 9124
0 9121
0 9125
1 9214
0 9167
1 9151
0 9140
1 9130
1 9129
0 9138
1 9136
0 9137
1 9139
1 9148
0 9142
1 9141
1 9145
0 9143
0 9146
1 9150
1 9156
1 9155
0 9153
0 9161
1 9158
0 9157
0 9160
1 9165
0 9163
1 9190
1 9180
0 9176
1 9174
0 9168
0 9175
1 9178
1 9186
0 9188
0 9202
1 9195
1 9193
0 9191
0 9194
0 9199
1 9198
0 9197
1 9201
1 9209
0 9205
1 9204
1 9208
0 9207
1 9211
0 9210
0 9213
1 9263
0 9246
1 9229
0 9225
1 9220
0 9217
0 9221
1 9226
0 9241
1 9236
0 9233
1 9243
1 9254
1 9252
0 9253
1 9260
0 9257
0 9261
0 9276
1 9269
1 9265
0 9264
0 9268
1 9273
0 9270
0 9275
1 9291
0 9278
1 9277
1 9282
0 9284
1 9293
0 9732
1 9543
0 9414
1 9348
1 9331
0 9322
1 9309
0 9304
1 9301
1 9308
0 9307
1 9314
0 9319
1 9327
1 9323
0 9325
1 9330
1 9342
0 9338
1 9337
0 9335
1 9340
0 9341
1 9345
0 9344
0 9347
1 9369
1 9359
0 9357
1 9350
0 9353
1 9358
0 9364
1 9361
0 9360
1 9365
0 9390
1 9384
0 9377
1 9373
0 9372
0 9376
1 9382
0 9378
0 9383
0 9386
1 9385
1 9387
0 9389
1 9404
0 9397
1 9393
1 9401
0 9399
0 9403
1 9406
0 9405
0 9413
1 9455
1 9436
0 9423
1 9418
1 9415
1 9419
0 9422
1 9433
0 9429
1 9427
0 9425
1 9431
1 9434
0 9435
1 9442
1 9437
0 9439
1 9450
0 9452
0 9503
1 9479
0 9474
1 9459
1 9458
0 9462
1 9461
1 9467
0 9471
1 9476
1 9475
1 9477
0 9478
1 9483
1 9481
0 9480
0 9482
0 9494
1 9490
0 9489
0 9492
1 9500
0 9496
0 9501
1 9523
1 9508
1 9504
0 9515
1 9512
0 9510
0 9514
1 9516
0 9517
1 9532
0 9528
1 9524
0 9527
1 9531
1 9537
0 9535
0 9542
1 9679
0 9621
1 9585
0 9564
1 9553
0 9548
1 9544
0 9545
1 9552
0 9556
1 9555
1 9559
0 9558
0 9561
1 9570
0 9567
1 9565
1 9568
0 9569
1 9574
0 9571
0 9583
0 9601
1 9598
1 9594
0 9588
0 9597
1 9599
0 9600
1 9616
0 9611
1 9609
1 9613
0 9614
1 9617
0 9618
1 9641
1 9633
0 9628
1 9626
0 9623
1 9630
0 9632
0 9638
1 9636
1 9639
0 9640
0 9660
1 9649
0 9645
1 9644
1 9648
0 9646
1 9654
0 9650
0 9657
1 9672
0 9666
1 9665
1 9670
0 9671
1 9675
0 9674
0 9677
1 9707
0 9689
1 9686
0 9684
1 9682
0 9683
1 9685
1 9687
1 9695
1 9692
1 9700
0 9702
1 9725
0 9711
1 9708
1 9713
0 9712
0 9723
0 9730
1 9728
0 9726
0 9729
1 9731
1 9860
1 9768
1 9755
0 9744
1 9742
1 9736
0 9735
0 9738
1 9743
1 9748
1 9746
0 9747
0 9751
1 9750
0 9749
1 9754
0 9753
1 9762
1 9760
0 9758
0 9761
0 9765
1 9764
0 9763
1 9767
0 9819
1 9803
0 9793
1 9776
0 9774
1 9772
0 9770
1 9775
0 9788
1 9785
0 9782
0 9787
1 9791
1 9799
1 9798
0 9795
1 9801
1 9815
0 9807
1 9805
0 9806
1 9812
0 9808
0 9813
1 9816
1 9843
1 9829
0 9825
1 9823
0 9821
1 9828
0 9839
1 9833
0 9832
0 9837
1 9841
0 9840
1 9856
0 9848
1 9845
0 9844
1 9850
0 9854
1 9857
1 9943
1 9914
0 9888
1 9870
0 9866
1 9863
0 9862
0 9864
1 9867
0 9879
1 9873
0 9871
0 9875
1 9882
0 9881
0 9883
1 9905
0 9892
1 9890
0 9889
0 9891
1 9896
0 9893
0 9899
0 9911
1 9910
0 9906
1 9912
0 9933
1 9919
1 9918
0 9925
1 9923
1 9930
0 9927
1 9936
1 9935
1 9940
0 9937
0 9942
1 9966
0 9958
1 9945
1 9944
0 9952
1 9948
0 9947
0 9951
1 9955
0 9954
0 9956
1 9962
1 9959
0 9960
1 9964
0 9965
0 9982
1 9973
1 9968
0 9967
0 9972
0 9977
1 9974
1 9978
0 9981
1 9989
1 9983
0 9997
1 9995
0 9992
1 9998
0 9999
-1
