-1
5000
0 9767
0 8883
0 1847
0 812
0 7116
0 6584
0 1941
0 7633
0 2003
0 7586
0 7135
0 3566
0 8888
0 3160
0 7557
0 3141
0 4191
0 2949
0 7278
0 796
0 5976
0 5299
0 6220
0 1100
0 7980
0 6729
0 4924
0 4359
0 3674
0 379
0 9601
0 2494
0 4347
0 1154
0 9229
0 3563
0 460
0 640
0 5274
0 6116
0 9768
0 5381
0 8727
0 4711
0 3758
0 2283
0 5204
0 2779
0 80
0 5938
0 2075
0 8602
0 711
0 3584
0 4892
0 7487
0 7101
0 5818
0 7932
0 3290
0 4598
0 2377
0 9214
0 4509
0 4645
0 1406
0 2473
0 8779
0 2487
0 5909
0 3470
0 26
0 788
0 7395
0 6247
0 2953
0 6119
0 8169
0 3425
0 8708
0 9553
0 8638
0 1824
0 7304
0 2039
0 5125
0 6006
0 4540
0 7938
0 6251
0 6944
0 8635
0 5406
0 7054
0 9543
0 6333
0 9860
0 9503
0 9730
0 7845
0 4665
0 480
0 9140
0 3929
0 8060
0 174
0 2437
0 2733
0 7625
0 7389
0 8872
0 9598
0 5287
0 1642
0 9414
0 3645
0 1479
0 9081
0 1215
0 9128
0 4189
0 9732
0 8876
0 7190
0 3537
0 2216
0 4411
0 8141
0 2130
0 7966
0 8764
0 4867
0 1102
0 5710
0 1438
0 9748
0 9014
0 9002
0 2692
0 6860
0 9000
0 4381
0 1593
0 1382
0 8415
0 196
0 9807
0 3035
0 4316
0 8852
0 4931
0 2509
0 3661
0 8158
0 3041
0 495
0 950
0 9707
0 7295
0 8734
0 4715
0 8386
0 8057
0 4255
0 8258
0 2751
0 9401
0 1981
0 8347
0 1003
0 2870
0 2479
0 606
0 540
0 2151
0 5312
0 2436
0 9296
0 260
0 889
0 6017
0 1146
0 4955
0 1124
0 9092
0 9943
0 4776
0 674
0 4651
0 6505
0 4173
0 9936
0 1400
0 819
0 7660
0 3100
0 4877
0 4744
0 1347
0 5100
0 4206
0 9952
0 2188
0 9246
0 541
0 9093
0 3094
0 6631
0 9523
0 31
0 6520
0 5221
0 2719
0 2186
0 2441
0 5457
0 3275
0 7217
0 4650
0 9819
0 297
0 6192
0 2695
0 2556
0 8845
0 139
0 5424
0 1728
0 7220
0 6306
0 1851
0 5174
0 3198
0 2176
0 9919
0 403
0 899
0 9369
0 7897
0 8671
0 655
0 3282
0 1143
0 4369
0 3860
0 394
0 8279
0 8793
0 1805
0 3345
0 202
0 3685
0 2383
0 3170
0 9384
0 1576
0 6511
0 7764
0 9025
0 4459
0 8749
0 9167
0 7776
0 2099
0 1890
0 8001
0 7142
0 2507
0 3832
0 1796
0 7868
0 8208
0 9086
0 44
0 6441
0 8944
0 1026
0 5335
0 3266
0 7048
0 3919
0 9679
0 7996
0 8891
0 6167
0 4914
0 7498
0 833
0 5950
0 3003
0 489
0 5646
0 8283
0 3980
0 8948
0 9037
0 29
0 6781
0 7850
0 865
0 4643
0 4833
0 4787
0 1371
0 9731
0 2627
0 1562
0 6126
0 1802
0 2516
0 2155
0 8673
0 5325
0 7644
0 7512
0 9856
0 1776
0 3057
0 4708
0 47
0 5697
0 3178
0 54
0 2942
0 134
0 7873
0 8492
0 6502
0 6982
0 6613
0 779
0 4064
0 3540
0 1013
0 2056
0 4448
0 8674
0 7679
0 9633
0 9933
0 8572
0 4526
0 976
0 2725
0 6848
0 8143
0 3763
0 5307
0 5786
0 1078
0 7994
0 15
0 8862
0 565
0 9436
0 3712
0 5432
0 8567
0 4960
0 5734
0 960
0 6473
0 5042
0 6344
0 5717
0 2462
0 1607
0 3522
0 6711
0 8563
0 4174
0 9348
0 3366
0 6490
0 7790
0 2966
0 5068
0 2458
0 4336
0 156
0 2981
0 7327
0 7153
0 3996
0 6614
0 4535
0 4547
0 6224
0 6700
0 9096
0 5760
0 3028
0 1954
0 3464
0 4281
0 9327
0 1989
0 312
0 5748
0 657
0 1298
0 369
0 7458
0 7241
0 4925
0 5872
0 7330
0 8982
0 5140
0 7546
0 957
0 3957
0 4777
0 9641
0 5378
0 7018
0 3021
0 4085
0 328
0 5358
0 754
0 7452
0 5611
0 9027
0 2780
0 1169
0 1845
0 4019
0 744
0 4245
0 8740
0 3405
0 3487
0 822
0 7973
0 7835
0 5531
0 317
0 1058
0 5801
0 6914
0 5819
0 8338
0 3897
0 9082
0 9742
0 3234
0 4903
0 4164
0 2957
0 5814
0 4680
0 5821
0 7384
0 8070
0 7876
0 2198
0 4230
0 7287
0 8859
0 1815
0 2992
0 6746
0 7238
0 5203
0 6713
0 2858
0 4094
0 954
0 6360
0 7839
0 4673
0 9458
0 8419
0 1123
0 4900
0 8315
0 7810
0 8205
0 3747
0 1600
0 2147
0 1995
0 985
0 5869
0 5397
0 4029
0 3024
0 7123
0 8502
0 9762
0 6162
0 4358
0 604
0 6564
0 1569
0 9017
0 809
0 3780
0 629
0 5225
0 4785
0 631
0 9377
0 838
0 527
0 5884
0 3509
0 898
0 8950
0 4009
0 3965
0 1574
0 3087
0 1740
0 9202
0 2515
0 4103
0 9829
0 765
0 4695
0 7667
0 3026
0 3394
0 8746
0 6068
0 3750
0 2316
0 154
0 366
0 8807
0 4716
0 1235
0 4098
0 9585
0 5485
0 6114
0 9524
0 6433
0 9843
0 1799
0 5108
0 3791
0 431
0 4081
0 2329
0 5002
0 2320
0 4523
0 7184
0 4495
0 8345
0 6417
0 937
0 5153
0 3605
0 1
0 4352
0 5600
0 1463
0 7276
0 5761
0 7303
0 8719
0 3214
0 370
0 3239
0 5351
0 8759
0 187
0 8810
0 8877
0 8914
0 7027
0 778
0 2278
0 5828
0 4157
0 9958
0 1938
0 520
0 6807
0 5400
0 7505
0 3917
0 6816
0 7100
0 430
0 438
0 8924
0 2982
0 2543
0 612
0 4952
0 8428
0 1725
0 6402
0 6175
0 4002
0 665
0 6644
0 5456
0 5543
0 1112
0 4932
0 8250
0 9358
0 5171
0 1055
0 7165
0 2214
0 5727
0 2102
0 3428
0 5342
0 3941
0 4236
0 3145
0 7676
0 5012
0 1723
0 3985
0 2932
0 1012
0 2925
0 1483
0 4244
0 4165
0 5046
0 3715
0 1015
0 8651
0 6357
0 1232
0 5955
0 9515
0 8119
0 8515
0 2210
0 1864
0 6989
0 1379
0 2083
0 6317
0 1039
0 771
0 7643
0 9252
0 4301
0 8705
0 2372
0 5774
0 8933
0 7500
0 956
0 1330
0 6608
0 470
0 6540
0 5491
0 9621
0 9099
0 7120
0 6099
0 9404
0 8798
0 2964
0 1671
0 5178
0 8241
0 9711
0 6874
0 3066
0 5333
0 2300
0 1403
0 1990
0 3972
0 5512
0 6369
0 4471
0 1736
0 9914
0 6393
0 6273
0 1556
0 6619
0 8126
0 5240
0 5395
0 920
0 4463
0 740
0 8209
0 3374
0 8774
0 2351
0 1529
0 1267
0 5017
0 6752
0 7554
0 8153
0 8329
0 6758
0 359
0 5253
0 1096
0 3052
0 1315
0 9959
0 5633
0 8267
0 3424
0 4553
0 5348
0 6479
0 2669
0 481
0 7130
0 2013
0 6558
0 1175
0 627
0 7348
0 5127
0 712
0 5476
0 8981
0 9344
0 8730
0 6271
0 8677
0 2105
0 1538
0 5382
0 8917
0 7143
0 800
0 5497
0 5878
0 9433
0 7387
0 7044
0 3505
0 2911
0 1800
0 6029
0 9973
0 1745
0 9599
0 7824
0 5930
0 6200
0 9508
0 4657
0 6285
0 9966
0 1653
0 6104
0 434
0 6849
0 3347
0 5586
0 1417
0 4026
0 8108
0 3337
0 3107
0 1874
0 3246
0 5522
0 1552
0 1935
0 625
0 4346
0 4400
0 1362
0 2671
0 9418
0 7102
0 6523
0 8860
0 8096
0 5590
0 4601
0 5607
0 2219
0 7833
0 938
0 4518
0 3431
0 3847
0 8864
0 7961
0 1838
0 8199
0 7651
0 805
0 1909
0 7196
0 1338
0 9613
0 4503
0 6998
0 1422
0 4118
0 3717
0 159
0 989
0 3384
0 9571
0 7286
0 7414
0 5340
0 10
0 7078
0 2835
0 8979
0 8025
0 87
0 1892
0 1133
0 39
0 2940
0 7857
0 2361
0 3623
0 2533
0 6981
0 2596
0 9220
0 6892
0 856
0 2573
0 3265
0 3043
0 9825
0 8183
0 5035
0 2840
0 7446
0 5355
0 2388
0 872
0 2080
0 7987
0 6055
0 9119
0 4781
0 500
0 9552
0 7673
0 4398
0 1605
0 1925
0 1272
0 9944
0 3243
0 667
0 4222
0 4438
0 2491
0 9020
0 7077
0 8556
0 1259
0 2363
0 2877
0 8769
0 1164
0 4362
0 6144
0 2112
0 3323
0 3023
0 2154
0 4764
0 7540
0 8649
0 4911
0 2229
0 3691
0 9331
0 5799
0 4012
0 7039
0 6706
0 4780
0 694
0 7081
0 2086
0 2418
0 2309
0 7735
0 2476
0 8356
0 2000
0 7025
0 2721
0 7488
0 8542
0 7718
0 3448
0 4306
0 3624
0 9079
0 5209
0 9405
0 4871
0 9670
0 4383
0 7758
0 6629
0 1377
0 7826
0 1041
0 1189
0 3991
0 2398
0 2202
0 2804
0 334
0 6181
0 6871
0 4763
0 2836
0 6670
0 7263
0 9689
0 161
0 685
0 4077
0 1699
0 5255
0 9672
0 4075
0 8079
0 9338
0 3618
0 8488
0 2892
0 9437
0 8517
0 4710
0 7930
0 8736
0 8783
0 1979
0 3811
0 6838
0 8623
0 6745
0 8423
0 3418
0 1541
0 9111
0 9064
0 1827
0 8387
0 9034
0 3104
0 5778
0 7513
0 708
0 9686
0 1539
0 1690
0 2914
0 928
0 6233
0 4136
0 4508
0 6813
0 8295
0 1249
0 4642
0 9839
0 993
0 2643
0 8850
0 3822
0 4108
0 7828
0 2265
0 3177
0 2399
0 1975
0 3273
0 7227
0 4800
0 8429
0 5007
0 2718
0 3240
0 2037
0 8497
0 7743
0 9564
0 1473
0 9157
0 2582
0 7410
0 2816
0 6025
0 775
0 5478
0 7218
0 2844
0 9945
0 7892
0 2382
0 9803
0 1672
0 2868
0 3333
0 1615
0 7668
0 7259
0 3408
0 3506
0 2891
0 8928
0 6457
0 1496
0 3292
0 5446
0 799
0 4324
0 5144
0 4805
0 5940
0 4640
0 5447
0 9423
0 7658
0 2187
0 4515
0 7251
0 1646
0 6581
0 7691
0 1751
0 6231
0 1724
0 2070
0 835
0 2045
0 1746
0 4275
0 2650
0 4637
0 3726
0 7855
0 8972
0 6115
0 8588
0 8750
0 6117
0 1932
0 1578
0 3884
0 8160
0 6773
0 2354
0 6323
0 6775
0 1750
0 1691
0 2161
0 2884
0 2397
0 5052
0 7124
0 4739
0 2511
0 9729
0 3221
0 1686
0 7003
0 228
0 2067
0 7721
0 8510
0 6919
0 1462
0 6554
0 6058
0 8522
0 1641
0 5779
0 5521
0 4875
0 9692
0 2876
0 6967
0 4344
0 691
0 8768
0 262
0 488
0 8778
0 5481
0 5418
0 3589
0 9962
0 395
0 5731
0 9964
0 2801
0 7592
0 7091
0 5683
0 1266
0 5458
0 9055
0 3632
0 4292
0 311
0 3956
0 6310
0 5216
0 6037
0 4279
0 5509
0 9330
0 9743
0 4660
0 857
0 2700
0 6556
0 8880
0 2058
0 2680
0 1860
0 2181
0 7298
0 9504
0 8503
0 1632
0 1318
0 7334
0 99
0 6214
0 6740
0 2435
0 6308
0 93
0 4568
0 7415
0 6498
0 8753
0 4382
0 9845
0 8848
0 5027
0 2081
0 814
0 6965
0 1434
0 4444
0 9265
0 7823
0 5572
0 361
0 1764
0 2577
0 2477
0 1090
0 3368
0 2789
0 384
0 7700
0 6864
0 5857
0 5452
0 3317
0 1748
0 1281
0 4241
0 399
0 7378
0 1844
0 7726
0 8631
0 5604
0 59
0 4124
0 2696
0 7915
0 8156
0 8307
0 6673
0 9365
0 5303
0 1513
0 4726
0 7879
0 9758
0 2010
0 4175
0 4416
0 8695
0 8122
0 7542
0 6862
0 5236
0 1904
0 7920
0 1350
0 1661
0 435
0 2285
0 6853
0 4132
0 4200
0 6469
0 8175
0 43
0 232
0 528
0 9130
0 4910
0 405
0 2646
0 6518
0 8606
0 3524
0 6815
0 6235
0 7712
0 7110
0 7040
0 6859
0 9888
0 6436
0 8400
0 7931
0 9141
0 1457
0 1242
0 2498
0 8686
0 6516
0 7264
0 1559
0 2289
0 3401
0 7985
0 5514
0 123
0 5296
0 9342
0 4204
0 7929
0 2047
0 2381
0 5994
0 618
0 5054
0 4218
0 9263
0 7237
0 8834
0 813
0 6734
0 6086
0 659
0 3350
0 8566
0 2197
0 1985
0 1582
0 2471
0 6401
0 2417
0 1014
0 8565
0 6506
0 8718
0 7983
0 4249
0 9735
0 9359
0 2029
0 9764
0 3380
0 1659
0 2059
0 9883
0 4539
0 3794
0 5211
0 3687
0 3058
0 4372
0 5184
0 3849
0 5126
0 5462
0 7023
0 8929
0 8654
0 8795
0 6349
0 3185
0 4740
0 5413
0 7349
0 4443
0 8896
0 6062
0 4169
0 6524
0 6804
0 6428
0 9675
0 1676
0 210
0 2223
0 8106
0 5246
0 6089
0 9419
0 5023
0 7310
0 9788
0 6707
0 6209
0 8610
0 3887
0 8390
0 2819
0 4864
0 9455
0 2923
0 3899
0 5545
0 7381
0 2773
0 3097
0 8204
0 7179
0 5093
0 5369
0 3627
0 168
0 1955
0 3937
0 4468
0 7038
0 4803
0 652
0 5222
0 1059
0 1649
0 2641
0 6854
0 8004
0 8895
0 7096
0 6088
0 7698
0 7058
0 6111
0 2649
0 893
0 4766
0 4939
0 9382
0 6512
0 3045
0 3579
0 2262
0 8446
0 1464
0 8990
0 7280
0 8856
0 1618
0 3446
0 6907
0 1880
0 2901
0 7037
0 8633
0 9479
0 8698
0 4688
0 8684
0 5345
0 5676
0 9322
0 1129
0 9891
0 5289
0 5606
0 7223
0 811
0 5580
0 1313
0 5163
0 5753
0 8402
0 7682
0 8229
0 3047
0 9660
0 3233
0 9178
0 4378
0 6286
0 4756
0 5479
0 321
0 3115
0 343
0 5951
0 9556
0 6687
0 7445
0 3640
0 7397
0 9277
0 3255
0 6928
0 8256
0 5515
0 6368
0 7591
0 8202
0 6342
0 8093
0 9597
0 9896
0 5792
0 9687
0 5069
0 1016
0 6618
0 4856
0 7957
0 5311
0 241
0 3740
0 6987
0 7128
0 5637
0 2701
0 9442
0 5881
0 5741
0 4404
0 7433
0 2255
0 9649
0 2977
0 4692
0 6239
0 7622
0 3534
0 9793
0 786
0 699
0 3253
0 3238
0 859
0 616
0 5783
0 710
0 1883
0 3454
0 1882
0 1152
0 3175
0 9989
0 9481
0 6517
0 4543
0 2071
0 1394
0 2968
0 3744
0 871
0 6621
0 9755
0 2750
0 2589
0 8942
0 1870
0 4303
0 2562
0 7164
0 9190
0 8478
0 6966
0 4995
0 3039
0 8716
0 1220
0 644
0 4289
0 718
0 1160
0 5549
0 9841
0 7797
0 5599
0 9276
0 9815
0 7035
0 3833
0 6693
0 1678
0 3241
0 5193
0 7771
0 6499
0 2565
0 2825
0 8098
0 9156
0 195
0 9085
0 9091
0 3711
0 8622
0 5622
0 7798
0 1029
0 4227
0 639
0 2245
0 252
0 4641
0 6680
0 276
0 4041
0 5511
0 4809
0 9765
0 2072
0 256
0 803
0 3656
0 2505
0 1548
0 137
0 2376
0 5292
0 1667
0 917
0 9644
0 4607
0 1613
0 6931
0 3462
0 8232
0 1492
0 3283
0 8167
0 9209
0 1837
0 2079
0 8139
0 4195
0 9544
0 5391
0 2170
0 2149
0 7991
0 4576
0 3512
0 336
0 7352
0 3365
0 3693
0 6398
0 4700
0 6534
0 7232
0 387
0 2644
0 1361
0 2450
0 669
0 188
0 3773
0 7147
0 7026
0 2064
0 9364
0 4731
0 613
0 1733
0 4981
0 2772
0 6277
0 5852
0 1204
0 4476
0 8437
0 8710
0 8587
0 5285
0 8499
0 6387
0 1785
0 5022
0 8735
0 5353
0 8124
0 1520
0 1669
0 8194
0 7997
0 4549
0 620
0 9982
0 2356
0 2453
0 589
0 2183
0 5475
0 4565
0 2843
0 7851
0 5062
0 1271
0 7860
0 2823
0 7568
0 8592
0 2492
0 673
0 8616
0 8523
0 5477
0 1067
0 1598
0 781
0 7742
0 2862
0 3787
0 9754
0 3248
0 9450
0 281
0 7653
0 5060
0 5
0 9068
0 3197
0 5426
0 9357
0 7207
0 9750
0 4794
0 5396
0 4221
0 8254
0 5272
0 1073
0 7955
0 8667
0 9254
0 1046
0 8234
0 9180
0 1115
0 3795
0 8030
0 9201
0 5370
0 6695
0 86
0 9044
0 5191
0 2808
0 4848
0 2273
0 9568
0 1570
0 7960
0 2567
0 2426
0 8885
0 8818
0 4574
0 558
0 6458
0 3226
0 7716
0 8305
0 1614
0 7079
0 5911
0 6371
0 2001
0 2796
0 5324
0 529
0 477
0 135
0 2667
0 3703
0 6082
0 3611
0 6139
0 6497
0 2645
0 5506
0 9161
0 3514
0 9054
0 2871
0 9434
0 4018
0 7274
0 1558
0 8076
0 1952
0 1903
0 242
0 5352
0 8751
0 9483
0 4109
0 7107
0 3766
0 126
0 5899
0 7438
0 5183
0 3480
0 120
0 5233
0 4442
0 6532
0 9738
0 4458
0 1828
0 9744
0 7608
0 9997
0 1149
0 5415
0 943
0 2011
0 2390
0 491
0 3411
0 4224
0 8521
0 446
0 4778
0 7517
0 6579
0 1255
0 9225
0 4735
0 4502
0 3831
0 9512
0 5802
0 2672
0 9695
0 2091
0 3845
0 2720
0 4890
0 5737
0 1934
0 9406
0 9657
0 9570
0 3371
0 7814
0 4844
0 7064
0 9121
0 9977
0 5131
0 7272
0 1772
0 6083
0 6451
0 4691
0 1850
0 806
0 7609
0 8903
0 4168
0 888
0 8271
0 6851
0 5635
0 3154
0 6926
0 8508
0 9094
0 6623
0 2814
0 8298
0 6909
0 286
0 279
0 9100
0 5765
0 2412
0 7666
0 5870
0 8223
0 2629
0 7616
0 3507
0 7158
0 7847
0 553
0 4586
0 8766
0 749
0 1286
0 8530
0 8221
0 1043
0 5063
0 717
0 8936
0 4308
0 4971
0 8066
0 2051
0 1218
0 3894
0 377
0 4937
0 573
0 4434
0 9645
0 1157
0 8467
0 2583
0 8462
0 7221
0 5504
0 6488
0 6054
0 3675
0 5946
0 4881
0 6180
0 4820
0 8301
0 7350
0 2464
0 2828
0 2226
0 2972
0 1056
0 9892
0 8843
0 4158
0 4889
0 2275
0 6359
0 7459
0 8228
0 142
0 2697
0 5889
0 16
0 578
0 1466
0 1674
0 5192
0 9857
0 4093
0 3620
0 7377
0 475
0 9565
0 490
0 7648
0 1565
0 4178
0 4364
0 9191
0 3335
0 6449
0 8352
0 9340
0 6295
0 1317
0 1469
0 8528
0 2131
0 1277
0 9700
0 5665
0 5317
0 4512
0 2755
0 8643
0 5815
0 9823
0 8999
0 7888
0 4055
0 8552
0 1808
0 5996
0 6718
0 6351
0 9151
0 1405
0 8013
0 9665
0 4830
0 9654
0 8397
0 3725
0 5402
0 5820
0 9816
0 9186
0 2126
0 3686
0 8463
0 7646
0 3574
0 9799
0 7021
0 5644
0 5725
0 4261
0 3327
0 5747
0 3387
0 818
0 1889
0 5605
0 7579
0 4624
0 4194
0 746
0 6160
0 1250
0 9260
0 6197
0 2869
0 4156
0 3730
0 5964
0 4969
0 1703
0 3352
0 8155
0 4380
0 6382
0 9746
0 6314
0 1162
0 8121
0 7720
0 9684
0 2936
0 9165
0 4541
0 7948
0 4749
0 2360
0 9862
0 5339
0 1760
0 2802
0 2301
0 4719
0 6753
0 4499
0 7900
0 4004
0 1264
0 36
0 2592
0 8869
0 9208
0 2648
0 6730
0 5132
0 110
0 2820
0 3219
0 68
0 2663
0 7437
0 6276
0 8458
0 7010
0 5389
0 8299
0 406
0 7329
0 6839
0 6035
0 3714
0 9431
0 5016
0 9574
0 2053
0 5894
0 966
0 8915
0 7357
0 8224
0 9494
0 5434
0 3044
0 9747
0 6406
0 9213
0 6148
0 5186
0 7474
0 259
0 138
0 4690
0 1626
0 1195
0 305
0 352
0 955
0 4804
0 94
0 6081
0 371
0 6714
0 7914
0 5905
0 1779
0 2976
0 8908
0 693
0 2504
0 499
0 7453
0 6156
0 9474
0 8770
0 1402
0 6051
0 5259
0 720
0 7749
0 3063
0 2557
0 1397
0 3834
0 6990
0 6501
0 9776
0 1316
0 7526
0 1127
0 8701
0 9459
0 4998
0 9905
0 1435
0 153
0 3385
0 4891
0 5914
0 5901
0 6911
0 7624
0 6810
0 1928
0 9056
0 6808
0 7884
0 8065
0 4617
0 7825
0 909
0 2266
0 2642
0 8263
0 3982
0 5614
0 8916
0 7705
0 2122
0 6373
0 8493
0 1352
0 9078
0 4843
0 7127
0 9217
0 5618
0 1287
0 649
0 9275
0 6999
0 7354
0 5169
0 5037
0 7898
0 9390
0 9195
0 8377
0 1849
0 357
0 9626
0 3631
0 8932
0 7763
0 8815
0 3958
0 1053
0 2572
0 1713
0 5919
0 7789
0 6884
0 9636
0 3699
0 894
0 5740
0 7117
0 3779
0 3309
0 7904
0 8097
0 5687
0 4790
0 8878
0 6020
0 2342
0 3721
0 2783
0 6199
0 4406
0 4954
0 3319
0 3472
0 5084
0 8659
0 1145
0 9866
0 8473
0 3103
0 677
0 2410
0 1859
0 7944
0 5654
0 4610
0 9439
0 8102
0 902
0 6912
0 472
0 828
0 7336
0 7434
0 8581
0 3038
0 5791
0 9176
0 7848
0 6566
0 9029
0 3906
0 5318
0 7521
0 5518
0 9516
0 8516
0 485
0 2983
0 6969
0 8648
0 607
0 8008
0 4196
0 5529
0 5649
0 1611
0 8853
0 7520
0 1823
0 1209
0 1103
0 9639
0 2425
0 63
0 8163
0 5277
0 3704
0 2561
0 9594
0 1118
0 1738
0 4548
0 7770
0 9490
0 3172
0 8385
0 107
0 2652
0 6254
0 8197
0 4913
0 3469
0 4831
0 6045
0 7095
0 6850
0 8733
0 3165
0 2499
0 588
0 4341
0 8029
0 2635
0 6710
0 3372
0 4151
0 2217
0 823
0 8016
0 646
0 201
0 3672
0 2846
0 8747
0 5092
0 6537
0 5368
0 1042
0 8505
0 6168
0 918
0 5861
0 4393
0 3005
0 5065
0 5602
0 4334
0 1468
0 2707
0 6110
0 9588
0 7472
0 2518
0 9007
0 7361
0 9052
0 2610
0 3942
0 3354
0 2205
0 5798
0 824
0 7242
0 6120
0 6962
0 5291
0 866
0 6738
0 3667
0 1608
0 8894
0 8539
0 1431
0 592
0 5823
0 6939
0 8644
0 2156
0 3376
0 8289
0 6257
0 8409
0 6341
0 2033
0 661
0 959
0 7687
0 4229
0 3541
0 7055
0 2833
0 2512
0 2769
0 8082
0 5489
0 8150
0 3161
0 544
0 1625
0 9677
0 3600
0 4172
0 280
0 2208
0 3657
0 9870
0 1408
0 6001
0 5162
0 2213
0 700
0 848
0 205
0 6366
0 5615
0 2944
0 7911
0 274
0 7766
0 8477
0 9110
0 263
0 5230
0 5705
0 2419
0 2665
0 2882
0 6705
0 1825
0 785
0 2753
0 300
0 7570
0 7964
0 8309
0 7806
0 5494
0 6012
0 8978
0 2240
0 8137
0 1612
0 4274
0 3523
0 428
0 3169
0 4707
0 6303
0 7204
0 318
0 1887
0 4770
0 4923
0 7893
0 8607
0 6296
0 7067
0 3310
0 6802
0 2839
0 2593
0 8489
0 4251
0 8040
0 8348
0 4327
0 3720
0 8157
0 2555
0 28
0 7358
0 1163
0 7413
0 1675
0 3825
0 8526
0 2139
0 5708
0 6791
0 5033
0 8383
0 1390
0 9558
0 8713
0 6462
0 6788
0 8422
0 1243
0 9850
0 6555
0 3223
0 327
0 2805
0 9304
0 2743
0 3017
0 1432
0 3036
0 3196
0 4606
0 9763
0 3370
0 8177
0 8111
0 1173
0 8217
0 3653
0 707
0 2759
0 525
0 8806
0 9097
0 4063
0 8392
0 2140
0 8162
0 5871
0 8147
0 7767
0 9965
0 3421
0 8844
0 4239
0 255
0 8085
0 1279
0 7780
0 7933
0 1758
0 1911
0 996
0 3358
0 3237
0 7419
0 7544
0 3705
0 5592
0 3373
0 7818
0 9194
0 1601
0 4258
0 7711
0 6013
0 1677
0 5467
0 2258
0 8210
0 8754
0 9537
0 380
0 2865
0 4271
0 4940
0 3396
0 1560
0 6993
0 6935
0 7982
0 1480
0 6381
0 6978
0 8938
0 8134
0 726
0 6786
0 208
0 1260
0 741
0 9061
0 2525
0 3815
0 9805
0 4819
0 6302
0 9138
0 7159
0 7863
0 6221
0 3595
0 8277
0 1448
0 5025
0 5566
0 5958
0 6087
0 7275
0 808
0 4551
0 7071
0 2212
0 6
0 594
0 9155
0 2391
0 696
0 666
0 4728
0 4329
0 2063
0 5220
0 8110
0 498
0 7924
0 324
0 6727
0 7326
0 7030
0 9638
0 2308
0 77
0 8851
0 9041
0 121
0 4044
0 7529
0 3604
0 9548
0 9046
0 1060
0 8024
0 7541
0 2495
0 9648
0 6024
0 6716
0 7409
0 4613
0 1848
0 3330
0 7364
0 656
0 5865
0 4049
0 6952
0 3020
0 2827
0 5297
0 1216
0 4595
0 882
0 6123
0 9257
0 5290
0 9023
0 2334
0 7753
0 9153
0 5123
0 7191
0 5949
0 6543
0 5735
0 7861
0 914
0 8578
0 5405
0 8525
0 3561
0 4636
0 8372
0 8666
0 3449
0 3861
0 4045
0 483
0 1564
0 3557
0 4656
0 5729
0 2307
0 439
0 3867
0 5104
0 8717
0 2433
0 4284
0 546
0 3201
0 1184
0 2
0 7583
0 6146
0 8836
0 6747
0 2622
0 3414
0 2449
0 5096
0 3174
0 7941
0 6151
0 7401
0 7664
0 826
0 8231
0 8518
0 9006
0 5256
0 8934
0 1034
0 2637
0 7467
0 9751
0 5269
0 1273
0 6570
0 3549
0 4893
0 1986
0 91
0 1185
0 6065
0 4408
0 5907
0 834
0 9955
0 4328
0 9361
0 7111
0 3851
0 9930
0 4713
0 8284
0 8879
0 8049
0 512
0 8765
0 4860
0 9496
0 6806
0 7292
0 8799
0 4000
0 7803
0 3383
0 2421
0 5263
0 1372
0 194
0 9060
0 3068
0 3865
0 7792
0 3085
0 9761
0 1052
0 7692
0 9427
0 6569
0 2990
0 5526
0 7630
0 8247
0 6266
0 3440
0 4315
0 6492
0 1501
0 2797
0 2746
0 5500
0 2074
0 4578
0 5474
0 3575
0 1922
0 4741
0 2409
0 6283
0 9646
0 9666
0 3095
0 8486
0 8918
0 6454
0 8707
0 5258
0 4832
0 8193
0 9372
0 2032
0 1194
0 1577
0 867
0 9968
0 5043
0 7136
0 7777
0 9617
0 1156
0 2166
0 5847
0 9918
0 2584
0 337
0 411
0 2883
0 4626
0 9323
0 4037
0 6407
0 2715
0 5999
0 3004
0 5350
0 1455
0 6904
0 6496
0 7886
0 5721
0 1698
0 8203
0 7145
0 9983
0 9168
0 289
0 6166
0 5080
0 8361
0 496
0 1182
0 8846
0 5268
0 7398
0 9269
0 3455
0 3702
0 6427
0 6483
0 8837
0 5260
0 3526
0 3984
0 1514
0 8470
0 6535
0 8620
0 1212
0 8266
0 9532
0 5197
0 787
0 9528
0 5706
0 4783
0 4091
0 2358
0 5896
0 404
0 5451
0 1335
0 3012
0 1727
0 4558
0 5619
0 6803
0 6394
0 6985
0 7210
0 2468
0 5539
0 1884
0 7657
0 6163
0 8926
0 1119
0 4445
0 8360
0 5293
0 6724
0 9935
0 2225
0 2554
0 7778
0 8665
0 8906
0 6755
0 5874
0 3099
0 8987
0 2366
0 7894
0 9555
0 7481
0 7338
0 5551
0 1631
0 6927
0 4203
0 9268
0 9960
0 3903
0 6508
0 9053
0 441
0 5974
0 8213
0 4138
0 7435
0 8720
0 5975
0 3468
0 351
0 3109
0 175
0 4465
0 207
0 7006
0 2756
0 3910
0 7871
0 3434
0 1153
0 8792
0 4310
0 9559
0 7192
0 2234
0 7045
0 6158
0 5226
0 6476
0 2553
0 4266
0 1355
0 597
0 8955
0 8838
0 8220
0 486
0 367
0 8471
0 7283
0 2748
0 3580
0 4267
0 1842
0 6031
0 9175
0 998
0 4225
0 4616
0 9337
0 5408
0 2734
0 4008
0 3491
0 8636
0 1762
0 8159
0 5039
0 9542
0 1419
0 8491
0 5143
0 5465
0 5164
0 1743
0 6725
0 3681
0 6340
0 6191
0 3386
0 5931
0 3295
0 585
0 2999
0 9808
0 4747
0 1670
0 7367
0 4426
0 1499
0 924
0 2221
0 42
0 4309
0 596
0 6131
0 8420
0 6715
0 6487
0 5439
0 9345
0 212
0 2897
0 5620
0 1387
0 8095
0 8724
0 3228
0 2856
0 9978
0 2691
0 4253
0 6792
0 2103
0 5114
0 1532
0 3683
0 3070
0 9347
0 3596
0 5495
0 3854
0 1694
0 9674
0 5577
0 3343
0 841
0 5464
0 9350
0 1791
0 5552
0 9477
0 2684
0 3891
0 3395
0 6412
0 3439
0 1731
0 2438
0 1992
0 1509
0 1364
0 4048
0 6626
0 3688
0 2104
0 5073
0 5868
0 9148
0 8114
0 2946
0 6262
0 8574
0 3564
0 3415
0 4976
0 5597
0 9867
0 5888
0 7342
0 1097
0 9998
0 5483
0 462
0 2018
0 3582
0 7917
0 6900
0 8855
0 4697
0 5829
0 5693
0 2978
0 8003
0 8292
0 6423
0 7308
0 1233
0 4050
0 2254
0 9314
0 422
0 9864
0 5480
0 339
0 9813
0 559
0 9241
0 9243
0 6976
0 7146
0 5570
0 9325
0 7475
0 3008
0 5081
0 4699
0 7390
0 173
0 5454
0 810
0 9561
0 9879
0 9199
0 7799
0 6228
0 911
0 6632
0 4993
0 9708
0 9105
0 5247
0 3739
0 8047
0 7751
0 6576
0 9226
0 6007
0 3287
0 1655
0 1210
0 4013
0 9910
0 3125
0 9462
0 412
0 2282
0 1475
0 2169
0 5262
0 8293
0 7489
0 1246
0 9188
0 7588
0 4887
0 4457
0 567
0 7635
0 9837
0 216
0 21
0 6118
0 9640
0 2414
0 7393
0 8468
0 1444
0 1862
0 1134
0 9899
0 7613
0 3407
0 5490
0 4625
0 5571
0 915
0 8246
0 3777
0 3751
0 5648
0 8586
0 4676
0 5610
0 3495
0 1049
0 4612
0 6434
0 5086
0 2899
0 4808
0 8762
0 3458
0 9806
0 1526
0 5587
0 9115
0 3607
0 8595
0 2456
0 5371
0 3658
0 4395
0 6198
0 4584
0 248
0 9309
0 8767
0 9873
0 5593
0 9801
0 1525
0 7677
0 5284
0 6951
0 7294
0 8407
0 1543
0 4237
0 6072
0 6691
0 4798
0 3799
0 4409
0 2396
0 4736
0 724
0 2230
0 4116
0 6023
0 2849
0 6875
0 4919
0 5527
0 4431
0 3857
0 4989
0 7175
0 3577
0 1116
0 7249
0 6238
0 670
0 3614
0 7694
0 7729
0 3430
0 3609
0 5167
0 3556
0 2690
0 4087
0 5048
0 5469
0 2180
0 3060
0 2670
0 6656
0 3059
0 8002
0 5810
0 8725
0 7306
0 4868
0 4216
0 9482
0 4757
0 1830
0 4632
0 3382
0 2624
0 2073
0 8494
0 360
0 8866
0 5733
0 7793
0 3114
0 7150
0 602
0 251
0 9057
0 6779
0 4782
0 7070
0 7456
0 5030
0 3741
0 9995
0 3166
0 5657
0 5505
0 9517
0 6964
0 587
0 236
0 4090
0 1295
0 1495
0 843
0 6915
0 7972
0 6443
0 8597
0 1191
0 2656
0 5139
0 7545
0 9467
0 2311
0 1138
0 7921
0 3148
0 1054
0 4999
0 1876
0 3485
0 4545
0 8455
0 1074
0 9833
0 7493
0 6084
0 2196
0 2325
0 4388
0 9293
0 7012
0 7355
0 7344
0 7331
0 6304
0 4817
0 6207
0 6113
0 5948
0 8760
0 7302
0 9264
0 2290
0 1131
0 7279
0 9616
0 3823
0 6383
0 151
0 4335
0 7476
0 1508
0 3398
0 2738
0 5056
0 3375
0 5029
0 5764
0 1445
0 4829
0 8652
0 2934
0 8261
0 8985
0 8061
0 1070
0 4752
0 4399
0 5373
0 3164
0 1036
0 3760
0 8580
0 2146
0 8287
0 5066
0 8562
0 2085
0 933
0 9387
0 3767
0 8207
0 8945
0 8893
0 7447
0 5176
0 6595
0 9221
0 4496
0 5629
0 8504
0 1916
0 6246
0 864
0 3377
0 95
0 5170
0 9798
0 1580
0 3789
0 9567
0 254
0 2640
0 994
0 1943
0 8337
0 5533
0 2893
0 1334
0 6244
0 9452
0 1596
0 8222
0 5519
0 2546
0 9736
0 7155
0 9415
0 1769
0 1091
0 9772
0 7092
0 7000
0 8071
0 7663
0 2327
0 8599
0 5334
0 4537
0 2713
0 2570
0 8640
0 2344
0 61
0 8188
0 6830
0 9947
0 1467
0 7034
0 423
0 6076
0 1530
0 6639
0 9611
0 8288
0 1741
0 1906
0 2604
0 1018
0 2306
0 6828
0 9774
0 1549
0 6174
0 9840
0 7266
0 7233
0 7702
0 2482
0 9270
0 6336
0 8404
0 7462
0 3120
0 1251
0 6893
0 3091
0 9198
0 4654
0 3967
0 3326
0 3151
0 9848
0 2904
0 9429
0 2586
0 73
0 4038
0 7028
0 9435
0 9204
0 3499
0 7216
0 8445
0 1031
0 131
0 6799
0 6202
0 1792
0 5903
0 6052
0 7514
0 3646
0 5621
0 3392
0 1183
0 514
0 408
0 6599
0 8937
0 1447
0 3976
0 5278
0 6392
0 6374
0 1020
0 2191
0 1239
0 8105
0 2452
0 2134
0 9782
0 8245
0 6868
0 9129
0 2096
0 5516
0 1521
0 3285
0 1177
0 8039
0 9911
0 8135
0 71
0 4797
0 5493
0 1326
0 2125
0 2613
0 1507
0 6187
0 7200
0 53
0 5492
0 8436
0 6514
0 5558
0 6475
0 9501
0 595
0 41
0 3271
0 5363
0 9058
0 518
0 1629
0 8311
0 5537
0 1117
0 8699
0 8819
0 52
0 4872
0 3519
0 9760
0 390
0 7940
0 941
0 4828
0 7205
0 531
0 9353
0 8381
0 7404
0 83
0 9682
0 3939
0 9393
0 8405
0 492
0 4294
0 2536
0 7975
0 4228
0 8274
0 6079
0 4403
0 4478
0 5670
0 8062
0 2845
0 4572
0 148
0 1122
0 1108
0 3007
0 2777
0 1822
0 7004
0 2569
0 8692
0 329
0 4436
0 157
0 8149
0 9725
0 9319
0 3402
0 2364
0 4678
0 8570
0 7440
0 9775
0 6332
0 4345
0 1080
0 6272
0 3075
0 4722
0 5185
0 9476
0 8020
0 4560
0 1065
0 9475
0 8144
0 7412
0 5182
0 5243
0 7838
0 3649
0 678
0 2606
0 654
0 8243
0 3032
0 9163
0 4291
0 6435
0 4696
0 181
0 5594
0 4449
0 6215
0 4384
0 1984
0 9124
0 1147
0 3543
0 3500
0 4950
0 3447
0 2581
0 4263
0 3680
0 9937
0 4905
0 6732
0 1910
0 9174
0 8399
0 5151
0 5834
0 3348
0 2594
0 1542
0 9609
0 5078
0 6319
0 4521
0 1512
0 5987
0 6861
0 8189
0 4587
0 1948
0 6842
0 5530
0 7121
0 8559
0 5979
0 3535
0 5749
0 1219
0 7709
0 7620
0 5390
0 6452
0 563
0 756
0 6888
0 1581
0 4738
0 1833
0 3870
0 9022
0 1696
0 3019
0 4904
0 780
0 456
0 3844
0 873
0 733
0 8172
0 6653
0 303
0 8591
0 2745
0 4171
0 7323
0 8326
0 840
0 3803
0 37
0 5835
0 4684
0 9106
0 8618
0 4433
0 9378
0 5523
0 1205
0 6468
0 3948
0 7421
0 7889
0 2595
0 2269
0 817
0 7618
0 6959
0 2324
0 7597
0 9150
0 1965
0 2089
0 7796
0 1752
0 5250
0 7737
0 3528
0 8410
0 1493
0 1770
0 5684
0 2268
0 6636
0 8554
0 418
0 1781
0 85
0 6384
0 9088
0 3262
0 1193
0 3927
0 7480
0 7611
0 5288
0 729
0 1832
0 645
0 886
0 9480
0 2284
0 2636
0 4821
0 5160
0 632
0 7180
0 1023
0 6078
0 7289
0 5736
0 9791
0 7981
0 5097
0 2539
0 537
0 295
0 215
0 8303
0 401
0 2454
0 8136
0 9193
0 1339
0 7569
0 5757
0 4743
0 7809
0 5173
0 5578
0 6562
0 939
0 2987
0 3493
0 8967
0 8974
0 1540
0 3695
0 294
0 8805
0 4254
0 9335
0 389
0 6491
0 2340
0 3130
0 4214
0 5105
0 7612
0 3498
0 7380
0 2548
0 6069
0 3590
0 9136
0 2470
0 7316
0 4825
0 7134
0 7801
0 7051
0 9889
0 6372
0 2050
0 1510
0 5202
0 2371
0 9630
0 3478
0 4561
0 7772
0 9118
0 1349
0 4946
0 9089
0 8019
0 1280
0 8296
0 3922
0 211
0 290
0 3915
0 7614
0 6125
0 1465
0 730
0 5583
0 340
0 7182
0 547
0 1707
0 7243
0 2023
0 6600
0 6709
0 1771
0 373
0 4039
0 7363
0 8839
0 8196
0 9048
0 1803
0 3316
0 8466
0 4644
0 7201
0 4933
0 8469
0 6994
0 8053
0 2467
0 442
0 190
0 2919
0 6568
0 7909
0 9341
0 2215
0 2863
0 5769
0 9925
0 7394
0 3724
0 7638
0 8239
0 4824
0 8941
0 4667
0 4031
0 7167
0 6819
0 7581
0 5785
0 3339
0 6597
0 5234
0 5383
0 7466
0 2625
0 5206
0 599
0 6415
0 5315
0 3788
0 7881
0 3093
0 8678
0 9107
0 9531
0 7485
0 5650
0 925
0 5122
0 6690
0 3260
0 6201
0 1628
0 5978
0 6787
0 4330
0 6674
0 3647
0 8977
0 9628
0 9397
0 2250
0 4005
0 5466
0 3813
0 1692
0 147
0 6936
0 3585
0 5925
0 9671
0 2563
0 1563
0 3162
0 6820
0 1208
0 2184
0 5055
0 5891
0 7531
0 5337
0 4137
0 4051
0 9535
0 8513
0 6259
0 8496
0 7248
0 1519
0 6545
0 9510
0 3117
0 6675
0 4762
0 753
0 7511
0 5892
0 2770
0 2853
0 9712
0 1590
0 3303
0 8970
0 9623
0 1180
0 5142
0 4826
0 9197
0 6996
0 7173
0 5295
0 8412
0 8413
0 6831
0 6683
0 3888
0 757
0 105
0 6975
0 3484
0 6424
0 752
0 7523
0 8540
0 2647
0 3213
0 7807
0 1617
0 6190
0 3816
0 4092
0 3612
0 7922
0 946
0 7379
0 3808
0 5437
0 2451
0 5728
0 8728
0 2951
0 8042
0 410
0 7198
0 5410
0 6504
0 3829
0 3641
0 9095
0 9360
0 9205
0 3400
0 9489
0 5746
0 9948
0 3757
0 2931
0 9967
0 2794
0 5088
0 8048
0 8947
0 2261
0 6390
0 6883
0 1428
0 8803
0 4125
0 1409
0 8454
0 2616
0 7290
0 9291
0 381
0 1718
0 6866
0 1775
0 9863
0 5006
0 5939
0 6049
0 4858
0 8005
0 9069
0 4083
0 8801
0 1988
0 3379
0 6026
0 3096
0 6630
0 4491
0 113
0 5569
0 1491
0 8650
0 6092
0 7075
0 4240
0 4674
0 213
0 8009
0 4186
0 5134
0 8438
0 4422
0 4916
0 3689
0 1571
0 8146
0 3083
0 8697
0 9461
0 5385
0 9942
0 3302
0 2521
0 4768
0 424
0 683
0 8152
0 8983
0 2190
0 7928
0 6538
0 3933
0 7114
0 9795
0 5671
0 5276
0 8088
0 1841
0 1388
0 5875
0 9385
0 229
0 7503
0 6606
0 5398
0 96
0 7246
0 4477
0 9875
0 7629
0 8120
0 6521
0 7571
0 5788
0 9308
0 6968
0 9728
0 9125
0 6485
0 9545
0 4717
0 3074
0 9139
0 288
0 7550
0 4142
0 2350
0 4146
0 5443
0 5166
0 2387
0 7641
0 4944
0 3634
0 4357
0 1482
0 9527
0 8411
0 4500
0 33
0 965
0 8447
0 4593
0 6149
0 9614
0 277
0 9158
0 3771
0 3518
0 8800
0 2587
0 2167
0 9301
0 310
0 8075
0 7098
0 992
0 8898
0 7678
0 2319
0 437
0 1332
0 7942
0 9832
0 5364
0 4772
0 4938
0 4210
0 6756
0 7791
0 7939
0 9160
0 7986
0 940
0 2199
0 8251
0 1739
0 6107
0 8804
0 4701
0 1568
0 1962
0 2894
0 2087
0 7057
0 3073
0 7815
0 6957
0 1150
0 8264
0 4531
0 2332
0 454
0 9951
0 4929
0 5149
0 4582
0 8393
0 4566
0 2005
0 3002
0 4793
0 9261
0 5559
0 7832
0 3215
0 7186
0 5343
0 9142
0 4927
0 5137
0 6905
0 9770
0 5461
0 183
0 1609
0 2222
0 1963
0 2522
0 7634
0 2799
0 8408
0 7804
0 8248
0 8658
0 6844
0 7827
0 6297
0 2061
0 1289
0 7775
0 3729
0 4704
0 7872
0 2012
0 4957
0 4017
0 378
0 8828
0 3030
0 1044
0 5550
0 2958
0 7842
0 3824
0 7923
0 8833
0 2626
0 3785
0 2729
0 372
0 7675
0 8273
0 9207
0 7016
0 4664
0 1226
0 4481
0 4857
0 1708
0 4590
0 7584
0 3877
0 4072
0 2855
0 3988
0 1303
0 3635
0 7599
0 7163
0 2429
0 5008
0 2158
0 1426
0 9253
0 6471
0 3315
0 6294
0 1181
0 6762
0 9077
0 7515
0 7971
0 5744
0 9282
0 8072
0 8054
0 1971
0 2062
0 3818
0 7
0 7322
0 2277
0 6552
0 8827
0 8363
0 2314
0 4671
0 7093
0 8642
0 6216
0 7083
0 9211
0 326
0 7053
0 6322
0 967
0 827
0 319
0 4662
0 8953
0 1567
0 9145
0 2322
0 5613
0 900
0 145
0 2500
0 1062
0 2315
0 4290
0 7392
0 5161
0 7684
0 549
0 9871
0 7870
0 3759
0 7590
0 5967
0 8439
0 1977
0 5866
0 7510
0 519
0 468
0 9038
0 8275
0 6648
0 1813
0 3901
0 6827
0 8099
0 5436
0 4472
0 6672
0 5672
0 3306
0 9399
0 990
0 6659
0 5699
0 5704
0 782
0 1921
0 7166
0 6661
0 7902
0 832
0 5666
0 1383
0 9787
0 7890
0 9514
0 7307
0 9273
0 641
0 8148
0 609
0 1385
0 1705
0 3157
0 6778
0 3770
0 8954
0 4685
0 3034
0 9278
0 6616
0 5158
0 6248
0 5673
0 6635
0 2341
0 5562
0 5110
0 626
0 9726
0 3009
0 4742
0 3479
0 9956
0 5409
0 6507
0 5817
0 5626
0 4917
0 847
0 6040
0 3127
0 7719
0 4475
0 797
0 17
0 4525
0 7024
0 452
0 9844
0 2809
0 2088
0 8991
0 1228
0 3259
0 8269
0 5822
0 7553
0 1310
0 9753
0 4771
0 8448
0 2659
0 3586
0 4513
0 8216
0 1517
0 4987
0 3696
0 8368
0 2550
0 8442
0 7386
0 6548
0 550
0 7353
0 4594
0 9828
0 8046
0 6420
0 5851
0 8854
0 9881
0 2961
0 7813
0 2508
0 1404
0 3092
0 3203
0 9376
0 1998
0 742
0 5538
0 2408
0 6250
0 2986
0 7800
0 2465
0 6622
0 3979
0 7549
0 3882
0 508
0 7305
0 5205
0 1024
0 8240
0 9854
0 9478
0 50
0 2851
0 8773
0 9702
0 9422
0 697
0 4053
0 1789
0 7099
0 9210
0 1079
0 2537
0 2806
0 8391
0 647
0 1947
0 551
0 5196
0 4529
0 7225
0 420
0 509
0 3250
0 9999
0 6036
0 7710
0 9821
0 5455
0 5563
0 7585
0 9974
0 6612
0 9981
0 27
0 7750
0 2735
0 8569
0 885
0 554
0 916
0 2252
0 795
0 2861
0 2924
0 879
0 5965
0 3873
0 1774
0 6465
0 9785
0 1028
0 1516
0 455
0 6776
0 4047
0 48
0 1561
0 7757
0 82
0 6660
0 2608
0 152
0 2206
0 7229
0 4618
0 4342
0 8166
0 8145
0 5720
0 995
0 1547
0 8506
0 6122
0 6022
0 5244
0 2590
0 1274
0 5824
0 8545
0 1867
0 5680
0 3202
0 9940
0 566
0 1777
0 698
0 2469
0 4951
0 7730
0 6751
0 8715
0 6586
0 5156
0 1425
0 5582
0 4143
0 7516
0 3245
0 4257
0 591
0 503
0 2475
0 1312
0 299
0 2114
0 3204
0 8453
0 5116
0 1354
0 9383
0 7062
0 1755
0 4234
0 2428
0 875
0 3837
0 9912
0 505
0 4773
0 70
0 4579
0 3171
0 4084
0 1093
0 5854
0 2689
0 9632
0 6665
0 8626
0 6450
0 244
0 3755
0 5628
0 8322
0 1809
0 6515
0 8366
0 6536
0 3665
0 1913
0 7032
0 8358
0 1604
0 7524
0 4437
0 4505
0 6165
0 2312
0 2929
0 2127
0 5239
0 6067
0 5199
0 8365
0 8711
0 6268
0 6133
0 9386
0 5561
0 5528
0 2259
0 4596
0 7457
0 9413
0 6610
0 776
0 8892
0 4668
0 5460
0 6432
0 2705
0 268
0 5441
0 7998
0 3061
0 2270
0 9812
0 4394
0 4353
0 1485
0 6580
0 7321
0 2192
0 4588
0 7333
0 5756
0 9906
0 1973
0 7502
0 6355
0 2630
0 3140
0 3409
0 3809
0 7063
0 4242
0 5231
0 7443
0 1689
0 582
0 4462
0 3671
0 4490
0 8200
0 5440
0 6063
0 2959
0 8173
0 3599
0 2238
0 1244
0 5863
0 2030
0 7822
0 8920
0 2347
0 7739
0 3143
0 7260
0 7837
0 6447
0 6783
0 7444
0 6829
0 7610
0 761
0 7256
0 8625
0 3827
0 7484
0 5890
0 3410
0 1917
0 9893
0 4199
0 2927
0 8543
0 6837
0 8371
0 9087
0 3390
0 5601
0 7895
0 7935
0 2821
0 9992
0 982
0 5072
0 6603
0 5860
0 7029
0 1300
0 1914
0 2875
0 5146
0 2599
0 4373
0 4247
0 7632
0 8084
0 4022
0 2736
0 923
0 4563
0 5755
0 3252
0 2251
0 4264
0 3244
0 5926
0 348
0 8006
0 2621
0 2903
0 2444
0 6921
0 1944
0 4122
0 9103
0 7649
0 1291
0 9143
0 9685
0 3420
0 7552
0 1423
0 1301
0 4614
0 7621
0 7187
0 2046
0 3364
0 6094
0 8993
0 3311
0 4623
0 2605
0 1879
0 2558
0 5365
0 3995
0 8690
0 895
0 4544
0 4947
0 770
0 7337
0 5138
0 5805
0 7465
0 5795
0 6130
0 4638
0 3367
0 3504
0 4899
0 8109
0 7769
0 8913
0 8867
0 5695
0 3217
0 2544
0 4754
0 122
0 3527
0 5448
0 3912
0 7370
0 5321
0 4920
0 1234
0 9389
0 8930
0 8035
0 3279
0 6780
0 5679
0 9583
0 2841
0 9403
0 1270
0 6723
0 6571
0 1780
0 3181
0 7852
0 804
0 4317
0 3801
0 3467
0 5669
0 1366
0 2657
0 7669
0 5099
0 4788
0 1819
0 3144
0 9749
0 8257
0 2941
0 4134
0 5028
0 3190
0 7988
0 8997
0 111
0 5813
0 8191
0 538
0 9650
0 4884
0 4813
0 9003
0 3936
0 876
0 4758
0 4968
0 7314
0 5190
0 1970
0 1506
0 1401
0 7937
0 5841
0 402
0 6573
0 4020
0 7695
0 8132
0 5267
0 2775
0 2530
0 3601
0 2867
0 6275
0 6229
0 1945
0 5453
0 8017
0 1640
0 56
0 3466
0 4896
0 7561
0 6395
0 2651
0 3660
0 6385
0 2760
0 3708
0 1386
0 3775
0 9882
0 4979
0 4861
0 1595
0 266
0 7085
0 3786
0 60
0 7506
0 3412
0 820
0 7559
0 6652
0 7178
0 178
0 6880
0 6885
0 132
0 763
0 6263
0 9307
0 8282
0 5640
0 2026
0 8000
0 5698
0 7875
0 4818
0 977
0 3056
0 6604
0 5172
0 4506
0 2922
0 2879
0 3782
0 987
0 8129
0 1101
0 5554
0 9073
0 7017
0 586
0 7527
0 1960
0 7519
0 9890
0 6541
0 3565
0 4792
0 4082
0 8975
0 6956
0 4033
0 1076
0 6010
0 2281
0 9425
0 2928
0 7577
0 6477
0 9972
0 6270
0 4202
0 934
0 1460
0 1224
0 3200
0 7495
0 3476
0 6891
0 8790
0 9600
0 5283
0 6698
0 6642
0 6288
0 9500
0 427
0 6182
0 1991
0 9284
0 8180
0 2455
0 6439
0 7374
0 9713
0 7746
0 4421
0 6669
0 7808
0 7094
0 5565
0 9569
0 5386
0 479
0 9108
0 309
0 1348
0 719
0 1188
0 8278
0 239
0 703
0 2228
0 5804
0 8475
0 3885
0 6503
0 8434
0 1790
0 648
0 953
0 163
0 8375
0 2224
0 2744
0 3525
0 226
0 4603
0 3229
0 4453
0 7907
0 6019
0 7560
0 6377
0 103
0 5444
0 4608
0 6960
0 3814
0 9236
0 238
0 7522
0 3269
0 8533
0 8444
0 9954
0 3772
0 4060
0 9146
0 4870
0 9137
0 3443
0 1993
0 9923
0 342
0 2787
0 964
0 4725
0 6513
0 4627
0 5179
0 6046
0 4014
0 3621
0 5686
0 9233
0 1459
0 7222
0 1834
0 9033
0 2710
0 8873
0 7069
0 2545
0 6346
0 8900
0 7105
0 4985
0 2276
0 8757
0 6109
0 8687
0 12
0 5963
0 4882
0 5723
0 5655
0 7573
0 1524
0 577
0 8238
0 7152
0 7525
0 1806
0 1710
0 3268
0 3312
0 3389
0 1410
0 5986
0 8968
0 2116
0 944
0 115
0 8939
0 3636
0 4583
0 6484
0 5784
0 58
0 3610
0 1754
0 2448
0 7351
0 9723
0 9927
0 4677
0 6312
0 3644
0 3986
0 325
0 272
0 3916
0 432
0 4470
0 2337
0 9373
0 4293
0 7615
0 3508
0 4812
0 4391
0 5936
0 4405
0 8170
0 9471
0 952
0 3529
0 1369
0 3336
0 6171
0 118
0 1407
0 1481
0 7188
0 1666
0 5864
0 9492
0 4104
0 4238
0 802
0 3968
0 6728
0 8575
0 6185
0 6986
0 9072
0 2194
0 7947
0 355
0 8904
0 4088
0 49
0 7977
0 2619
0 9618
0 4988
0 727
0 9683
