1 3160
1 2003
1 812
1 369
0 196
1 80
1 33
1 10
1 3
1 1
1 5
0 23
1 16
1 15
0 19
1 18
1 20
1 26
1 25
1 28
0 29
0 59
1 48
0 39
1 36
1 34
1 37
0 38
1 44
1 42
1 45
0 46
1 53
0 50
1 49
1 52
0 56
1 54
1 58
0 57
1 70
1 67
0 62
1 61
1 65
1 68
0 69
1 74
1 71
0 72
0 77
1 75
1 78
0 79
0 134
1 103
1 87
1 82
1 81
1 85
0 83
1 93
1 89
0 90
0 96
1 94
1 97
0 98
1 120
1 113
1 108
0 109
0 115
1 114
1 119
0 116
0 126
1 123
1 121
0 122
1 124
0 125
1 131
1 127
1 132
1 156
1 151
1 143
0 140
1 135
1 141
1 145
0 146
1 154
1 152
1 155
0 174
1 168
1 162
0 159
1 157
1 160
0 164
1 163
1 167
0 165
1 171
1 170
1 172
1 188
0 182
1 177
1 175
0 176
1 179
1 184
1 183
1 185
1 193
1 192
1 194
1 318
0 261
1 230
1 215
0 209
1 203
0 199
1 198
0 197
1 200
1 205
1 212
1 210
1 213
0 214
1 222
1 221
0 216
0 226
1 224
1 227
1 241
1 234
1 232
0 231
0 238
1 236
0 237
1 239
0 252
1 248
1 245
0 246
1 250
0 251
1 256
1 254
0 253
0 255
1 257
1 282
1 276
1 270
1 267
0 262
0 272
1 271
1 275
0 273
1 279
1 278
1 280
0 298
1 289
1 284
1 283
1 288
0 286
1 295
0 291
1 290
1 293
0 292
1 296
1 309
1 303
1 299
0 300
1 307
0 308
1 315
1 311
0 312
1 316
1 337
1 327
1 322
1 319
0 320
0 324
1 323
1 325
1 329
1 328
1 335
0 330
1 354
0 343
1 339
1 338
1 342
0 340
1 345
1 344
1 348
0 364
1 359
1 356
0 355
1 363
1 367
1 366
1 368
0 607
1 460
1 405
1 385
1 375
0 371
1 370
1 372
1 381
0 383
0 394
1 389
1 388
0 386
0 391
1 390
1 392
1 399
1 396
0 398
1 402
0 404
0 439
1 424
0 413
1 408
1 406
0 407
1 409
1 419
0 415
1 414
1 417
0 416
1 420
0 431
1 428
1 425
1 429
1 436
1 432
0 433
1 437
1 449
1 442
1 440
0 444
1 443
1 445
1 454
0 451
1 450
1 452
0 453
1 455
0 543
1 495
0 480
1 476
0 468
1 465
1 463
0 464
1 466
1 470
1 469
1 474
1 478
1 477
1 479
1 491
1 488
1 487
0 484
1 489
1 493
1 492
1 494
0 520
1 509
0 501
1 498
1 496
0 497
1 499
1 505
0 503
1 502
1 504
1 506
1 515
1 512
0 510
0 517
1 516
1 518
1 529
1 524
1 522
0 523
1 525
1 536
0 532
1 531
0 530
1 533
1 539
0 540
1 574
1 559
0 550
1 546
1 545
1 547
0 548
1 554
1 553
0 551
1 556
0 557
1 565
0 562
1 560
1 563
0 564
1 571
0 566
1 594
1 585
1 581
0 580
1 593
0 589
1 599
1 596
0 595
1 604
0 605
1 711
0 666
1 645
0 626
1 618
1 613
0 609
1 608
1 612
0 616
1 615
1 617
1 620
1 619
1 624
0 621
1 634
1 628
1 627
1 629
1 641
0 637
1 635
1 638
1 642
0 643
1 655
1 650
1 646
1 652
0 654
1 659
1 657
0 661
1 660
1 662
1 683
1 674
1 671
1 670
1 673
0 672
1 678
1 676
0 675
0 680
1 679
1 681
1 696
1 687
1 684
1 689
0 688
1 704
1 701
0 703
0 708
1 706
0 705
1 710
0 709
1 778
0 740
1 720
1 717
1 714
0 712
1 718
0 731
1 722
1 721
1 729
1 733
1 732
0 735
1 734
1 736
1 756
0 746
1 743
1 741
1 745
1 749
1 748
1 752
0 750
0 766
1 761
1 758
0 757
1 763
0 762
0 764
1 775
0 773
1 771
0 772
1 774
1 776
0 777
1 795
0 787
1 781
1 779
0 780
1 785
0 782
1 789
1 788
1 792
0 802
1 797
1 796
1 799
0 798
1 808
1 803
0 804
0 810
1 809
1 811
0 1406
1 1155
0 1013
1 889
1 834
1 819
1 815
1 814
1 816
0 826
1 824
1 821
0 820
0 822
1 825
1 828
1 827
0 831
1 829
1 832
0 865
1 843
1 840
1 838
0 839
1 841
0 842
0 860
1 848
0 846
1 845
1 847
0 852
1 850
0 851
1 854
0 855
1 862
1 861
1 863
1 875
1 869
0 867
1 866
1 868
0 873
1 871
1 874
1 882
0 877
1 876
1 879
0 885
1 883
1 887
0 951
1 920
1 909
0 900
1 896
0 891
1 890
1 893
1 897
1 903
1 901
0 902
1 905
1 914
1 912
0 910
0 917
1 915
0 916
1 919
1 938
0 928
1 924
1 922
1 927
0 925
1 934
1 931
0 932
1 935
1 945
1 942
0 940
0 947
1 946
1 949
0 948
1 977
1 958
1 953
1 952
1 955
0 954
0 963
1 960
1 959
1 962
1 966
1 965
1 972
0 974
0 991
1 983
1 979
1 978
1 980
1 986
1 985
1 988
1 996
1 993
1 992
1 994
0 995
1 1005
1 1002
0 997
0 1007
1 1006
1 1009
1 1074
1 1041
1 1026
0 1018
1 1016
1 1014
1 1017
1 1023
1 1020
0 1022
1 1024
0 1035
1 1029
1 1028
0 1031
1 1030
1 1032
0 1033
1 1039
1 1037
0 1036
1 1040
1 1059
0 1047
1 1043
1 1042
1 1044
1 1052
0 1049
1 1048
1 1050
0 1051
1 1055
0 1053
0 1067
1 1065
1 1061
0 1062
1 1066
1 1069
1 1068
1 1071
1 1100
1 1092
1 1085
0 1077
1 1075
1 1080
0 1078
1 1086
0 1087
1 1098
1 1093
0 1094
1 1099
0 1126
1 1113
1 1106
0 1102
1 1101
1 1105
0 1109
1 1108
1 1110
1 1118
0 1115
1 1114
1 1117
0 1120
1 1119
1 1122
0 1121
1 1143
0 1132
1 1128
1 1127
1 1129
1 1138
0 1135
1 1133
1 1136
0 1137
0 1141
1 1139
1 1142
1 1149
0 1146
1 1145
0 1144
1 1148
0 1151
1 1150
1 1153
1 1299
0 1204
1 1189
0 1175
1 1160
1 1157
1 1156
1 1158
0 1168
1 1164
1 1162
1 1165
1 1172
1 1171
1 1173
1 1183
1 1177
1 1176
1 1180
0 1178
1 1185
1 1184
1 1188
1 1196
1 1193
1 1191
1 1195
1 1198
1 1197
0 1201
1 1199
1 1202
1 1235
1 1216
1 1210
0 1208
1 1206
0 1207
1 1209
1 1212
0 1213
0 1226
1 1221
1 1218
0 1219
1 1223
0 1222
1 1232
0 1228
1 1227
1 1231
1 1233
0 1267
1 1251
0 1243
1 1240
1 1237
0 1239
1 1242
0 1241
1 1246
1 1245
1 1247
0 1259
1 1255
1 1253
1 1258
1 1264
1 1261
0 1262
1 1266
0 1265
1 1277
1 1273
1 1269
0 1268
1 1275
0 1274
0 1287
1 1282
1 1279
0 1278
1 1284
0 1283
1 1291
1 1289
0 1295
1 1293
0 1292
0 1294
1 1297
1 1347
0 1317
1 1310
1 1307
0 1303
1 1301
0 1302
1 1304
1 1308
0 1309
1 1313
1 1312
0 1311
1 1316
1 1335
0 1326
1 1319
1 1318
0 1323
1 1321
0 1320
0 1322
1 1324
1 1330
1 1328
0 1327
0 1329
0 1332
1 1331
1 1334
0 1333
1 1339
1 1338
0 1336
0 1343
1 1341
0 1340
0 1342
1 1345
0 1344
0 1385
1 1361
0 1353
1 1350
1 1348
1 1351
1 1355
1 1354
0 1357
1 1356
1 1360
0 1358
0 1374
1 1368
1 1366
0 1367
1 1369
0 1370
1 1378
1 1375
0 1376
1 1380
0 1381
1 1394
1 1388
1 1386
0 1390
1 1389
1 1393
0 1391
1 1401
1 1399
0 1395
0 1403
1 1402
1 1404
1 1645
1 1531
1 1463
0 1436
1 1422
0 1412
1 1409
1 1408
0 1407
1 1410
0 1411
1 1417
0 1415
1 1414
1 1416
1 1420
0 1418
1 1430
0 1426
1 1425
0 1423
1 1428
0 1427
1 1432
1 1448
1 1443
0 1440
1 1437
1 1441
1 1446
0 1447
0 1457
1 1454
0 1451
1 1450
1 1452
1 1456
1 1460
1 1459
0 1458
1 1462
0 1497
1 1479
0 1470
1 1466
1 1464
1 1467
1 1475
1 1473
1 1477
1 1489
0 1485
1 1484
0 1480
1 1488
0 1486
1 1491
0 1495
1 1515
0 1508
1 1501
1 1499
0 1500
0 1504
1 1503
0 1502
1 1505
1 1510
1 1509
1 1512
1 1525
1 1522
0 1524
1 1528
0 1526
0 1569
1 1557
1 1541
1 1536
0 1534
1 1532
0 1533
1 1535
0 1538
1 1537
1 1539
0 1548
1 1545
1 1542
1 1546
1 1553
1 1551
1 1554
1 1562
1 1559
1 1558
1 1561
1 1564
1 1563
1 1567
0 1568
1 1600
1 1587
0 1579
1 1571
1 1570
1 1572
1 1584
1 1582
0 1583
1 1585
1 1593
1 1591
0 1596
1 1595
1 1598
0 1615
1 1611
1 1604
1 1602
0 1601
0 1603
1 1606
1 1613
1 1612
1 1614
1 1629
0 1623
1 1618
1 1616
1 1622
0 1620
1 1626
1 1624
1 1628
1 1636
0 1632
1 1631
0 1630
1 1635
0 1633
0 1639
1 1637
1 1640
0 1852
1 1796
0 1726
1 1691
0 1673
1 1662
0 1653
1 1648
1 1646
0 1651
1 1649
1 1652
1 1659
1 1656
0 1658
1 1660
1 1666
1 1664
1 1670
1 1683
1 1678
1 1674
0 1677
0 1680
1 1679
1 1682
1 1686
1 1685
0 1684
1 1688
0 1687
0 1689
1 1713
0 1700
1 1694
1 1692
0 1693
1 1696
0 1697
1 1708
0 1703
1 1701
0 1702
1 1705
0 1706
0 1711
1 1709
1 1712
0 1718
1 1715
1 1714
1 1717
1 1721
1 1720
0 1719
1 1722
1 1765
1 1750
0 1740
1 1728
1 1727
1 1729
1 1744
1 1741
1 1745
1 1755
1 1751
0 1752
0 1759
1 1758
1 1760
1 1777
1 1771
1 1769
1 1774
1 1789
0 1779
1 1778
1 1783
0 1780
1 1795
1 1825
1 1805
1 1800
1 1798
0 1797
1 1804
0 1801
0 1811
1 1809
1 1807
0 1806
1 1810
1 1816
1 1812
1 1822
0 1823
1 1834
1 1830
1 1828
0 1829
1 1832
0 1841
1 1838
1 1836
0 1835
1 1840
1 1844
1 1843
1 1845
1 1941
1 1909
0 1880
1 1864
1 1858
1 1853
0 1856
1 1860
0 1862
1 1871
0 1867
1 1865
1 1869
0 1868
1 1877
1 1891
1 1886
1 1882
0 1881
1 1887
1 1900
0 1895
1 1893
0 1894
1 1898
0 1896
1 1907
0 1908
1 1925
0 1919
1 1916
1 1912
0 1910
1 1917
1 1921
1 1920
1 1923
0 1922
1 1930
1 1927
0 1926
0 1934
1 1933
1 1939
1 1981
0 1956
1 1951
1 1948
1 1944
0 1942
1 1950
1 1953
1 1952
1 1954
1 1971
1 1962
1 1961
0 1968
1 1966
1 1970
0 1969
1 1975
1 1974
1 1978
0 1977
1 1990
1 1984
1 1983
0 1982
1 1987
0 1985
0 1995
1 1992
1 1991
1 1994
1 2000
0 1998
1 1997
1 1999
1 2001
0 2002
1 2495
1 2283
1 2152
0 2075
1 2039
1 2023
0 2014
1 2008
1 2007
0 2005
1 2011
1 2020
1 2017
1 2021
0 2022
0 2030
1 2025
1 2024
1 2027
0 2026
1 2033
1 2032
1 2034
1 2057
0 2052
1 2047
0 2043
1 2040
1 2044
1 2050
1 2054
1 2053
1 2055
0 2067
1 2063
1 2060
0 2061
1 2066
0 2064
1 2071
1 2069
0 2068
1 2074
1 2114
0 2100
1 2086
1 2080
0 2077
1 2076
1 2079
0 2078
1 2085
0 2091
1 2088
1 2087
1 2090
1 2097
0 2093
1 2092
1 2095
1 2098
1 2105
1 2103
1 2101
0 2102
1 2104
1 2109
1 2108
1 2111
0 2110
0 2131
1 2122
1 2116
1 2115
1 2121
1 2126
1 2124
0 2123
0 2125
1 2128
1 2144
0 2135
1 2133
1 2132
1 2134
1 2142
1 2137
1 2143
1 2147
1 2146
0 2145
1 2149
0 2148
0 2150
0 2216
1 2188
0 2172
1 2161
1 2155
1 2153
0 2154
1 2158
0 2157
1 2164
1 2162
1 2166
0 2168
1 2181
1 2178
1 2175
1 2180
1 2184
1 2183
1 2186
1 2208
1 2202
1 2196
0 2189
1 2204
0 2206
1 2212
1 2209
1 2214
1 2250
1 2229
1 2223
0 2219
1 2218
1 2221
0 2222
1 2226
0 2240
1 2234
1 2232
0 2230
0 2237
1 2235
1 2239
1 2248
1 2242
0 2241
1 2249
1 2266
0 2258
1 2256
1 2255
1 2257
1 2262
1 2259
1 2263
0 2264
1 2275
0 2269
1 2267
0 2268
1 2274
1 2280
0 2282
1 2378
1 2330
0 2310
1 2297
1 2290
1 2287
0 2285
0 2294
1 2292
0 2293
1 2296
1 2303
0 2301
1 2299
0 2298
1 2302
0 2305
1 2304
1 2308
1 2316
1 2312
1 2311
1 2314
0 2313
1 2321
1 2317
0 2324
1 2323
1 2325
0 2326
0 2351
1 2342
0 2336
1 2334
1 2332
0 2333
1 2335
1 2340
1 2339
1 2341
1 2346
1 2345
1 2350
1 2366
1 2356
1 2354
0 2355
1 2360
0 2359
1 2372
1 2369
0 2368
1 2373
0 2441
1 2401
1 2389
1 2382
1 2380
0 2381
0 2386
1 2384
1 2387
1 2395
1 2393
0 2394
1 2398
0 2396
0 2418
1 2412
1 2406
1 2403
0 2405
0 2409
1 2408
0 2407
1 2411
1 2416
1 2414
0 2413
1 2417
1 2426
1 2421
1 2419
0 2420
0 2423
1 2422
1 2425
0 2433
1 2429
1 2427
1 2432
0 2430
1 2436
1 2435
0 2434
0 2438
1 2437
1 2439
1 2462
1 2454
1 2448
1 2443
0 2446
1 2452
0 2450
1 2460
1 2458
0 2457
1 2461
1 2481
0 2472
1 2464
1 2463
1 2466
1 2474
1 2473
1 2476
1 2487
0 2485
1 2483
0 2484
1 2486
1 2490
0 2488
1 2780
1 2646
0 2565
1 2533
1 2516
0 2505
1 2500
1 2498
0 2496
1 2502
0 2501
1 2513
1 2509
1 2514
0 2525
1 2523
0 2519
1 2518
1 2520
1 2524
1 2528
1 2526
0 2530
1 2529
1 2532
0 2531
1 2546
0 2541
1 2535
1 2534
1 2536
1 2543
1 2542
1 2545
0 2556
1 2548
1 2547
1 2552
0 2549
1 2561
1 2558
0 2559
1 2563
0 2562
0 2564
1 2596
1 2584
0 2572
1 2567
1 2566
1 2571
1 2578
0 2575
1 2573
1 2576
0 2581
1 2579
0 2580
1 2582
1 2590
1 2586
0 2587
0 2592
1 2591
1 2594
0 2595
0 2623
1 2611
0 2603
1 2599
1 2597
1 2601
1 2607
1 2605
1 2608
1 2616
0 2614
1 2613
1 2615
0 2620
1 2619
0 2617
1 2621
1 2637
0 2631
1 2629
1 2626
0 2628
1 2630
1 2634
1 2632
1 2635
1 2639
1 2638
1 2640
0 2695
1 2669
1 2657
1 2652
0 2649
1 2647
1 2650
0 2651
1 2656
0 2654
1 2663
0 2661
1 2659
1 2662
0 2667
1 2664
1 2668
1 2684
1 2680
1 2677
0 2672
1 2683
0 2681
1 2688
1 2686
0 2685
0 2687
1 2690
0 2691
1 2742
0 2719
1 2710
0 2700
1 2697
1 2696
1 2699
1 2705
0 2702
1 2701
1 2703
1 2706
1 2713
1 2711
0 2712
0 2715
1 2714
1 2718
0 2716
1 2729
1 2724
0 2722
1 2720
1 2723
1 2726
0 2727
1 2734
1 2731
0 2730
0 2736
1 2735
1 2737
0 2762
1 2751
1 2746
1 2743
0 2745
0 2748
1 2747
1 2750
0 2749
1 2755
1 2754
1 2757
0 2756
1 2774
1 2764
1 2763
0 2766
1 2765
1 2767
1 2777
1 2775
0 2776
1 2778
0 2949
1 2874
1 2837
0 2804
1 2796
0 2787
1 2783
1 2782
1 2786
0 2784
1 2793
0 2790
1 2789
1 2792
1 2795
1 2798
1 2797
0 2800
1 2799
1 2802
1 2821
1 2812
0 2808
1 2806
0 2807
1 2811
1 2817
0 2818
1 2828
1 2823
0 2827
1 2832
0 2858
1 2849
1 2844
0 2842
1 2840
0 2841
1 2843
1 2848
0 2845
1 2854
1 2850
1 2857
1 2863
1 2860
1 2859
1 2861
1 2865
1 2864
1 2869
0 2866
1 2911
0 2891
1 2884
1 2879
1 2875
0 2876
1 2880
0 2882
1 2886
1 2885
1 2889
0 2887
1 2901
1 2897
0 2893
1 2892
1 2895
0 2894
0 2896
1 2899
0 2900
1 2904
1 2903
0 2908
1 2907
0 2905
1 2910
0 2925
1 2916
1 2914
1 2912
0 2913
1 2915
1 2919
1 2917
1 2921
0 2920
1 2932
1 2929
1 2927
0 2926
0 2928
1 2931
0 2930
1 2945
0 2935
1 2934
0 2933
1 2938
0 2939
1 2946
0 2947
1 3035
1 3003
0 2980
1 2961
1 2957
0 2953
1 2951
0 2950
0 2952
1 2955
1 2959
0 2958
0 2960
0 2972
1 2967
1 2963
0 2962
1 2968
0 2970
1 2975
1 2973
1 2976
1 2986
1 2984
1 2983
1 2985
0 2994
1 2990
1 2988
0 2989
1 2993
0 2991
1 3000
1 2998
0 2996
1 3001
1 3021
0 3013
1 3008
1 3006
0 3007
1 3012
0 3009
1 3017
1 3015
0 3014
1 3018
1 3029
0 3024
1 3022
1 3026
1 3033
0 3032
0 3088
1 3057
1 3043
1 3039
1 3038
1 3041
0 3052
1 3047
1 3045
0 3044
1 3051
0 3048
1 3055
1 3053
0 3054
1 3056
1 3068
1 3063
0 3059
1 3058
1 3061
0 3060
0 3065
1 3064
1 3066
0 3067
0 3078
1 3073
0 3071
1 3070
1 3072
1 3077
0 3074
1 3085
0 3082
1 3081
1 3083
1 3086
1 3115
1 3100
0 3093
1 3091
1 3089
1 3092
1 3097
1 3094
1 3098
0 3099
0 3110
1 3105
1 3102
0 3101
1 3106
1 3113
1 3111
1 3114
0 3142
1 3130
1 3120
1 3119
0 3117
0 3128
1 3122
1 3129
1 3137
1 3133
1 3140
1 3151
1 3145
1 3143
1 3147
1 3154
1 3153
0 3158
1 3156
0 3157
1 3159
1 5976
1 4195
1 3566
0 3395
1 3291
0 3234
1 3199
0 3178
1 3168
1 3162
1 3161
1 3164
0 3163
1 3170
1 3169
1 3175
1 3188
1 3182
1 3181
1 3184
0 3193
1 3190
1 3189
1 3192
0 3191
1 3196
1 3195
0 3194
1 3197
1 3221
0 3209
1 3203
1 3200
0 3201
1 3206
0 3205
1 3214
1 3210
0 3217
1 3215
1 3219
0 3220
0 3227
1 3223
1 3222
1 3224
1 3229
1 3228
1 3233
0 3230
1 3256
1 3246
1 3243
0 3236
1 3235
1 3238
0 3237
1 3244
0 3245
1 3251
1 3248
0 3249
1 3252
1 3269
1 3262
0 3259
1 3257
0 3258
1 3260
0 3261
1 3264
0 3263
0 3265
0 3275
1 3273
1 3272
1 3274
1 3281
1 3277
0 3276
0 3278
1 3282
0 3288
0 3345
1 3325
0 3309
1 3303
0 3295
1 3293
1 3292
1 3294
1 3301
1 3299
1 3302
1 3307
1 3305
1 3308
1 3317
1 3315
1 3311
0 3312
1 3316
1 3320
1 3319
1 3321
1 3333
1 3327
1 3326
0 3329
1 3328
1 3332
1 3339
0 3337
1 3335
0 3334
1 3338
0 3341
1 3340
1 3344
1 3377
1 3366
0 3354
1 3348
1 3347
1 3351
0 3349
1 3362
0 3358
1 3357
0 3355
1 3360
0 3359
0 3361
1 3364
1 3371
0 3368
1 3367
1 3370
1 3372
0 3373
1 3384
1 3381
1 3378
0 3379
1 3383
1 3387
1 3385
0 3392
1 3388
0 3389
1 3393
1 3472
1 3428
1 3411
0 3405
1 3401
1 3398
0 3400
1 3403
0 3404
1 3409
1 3407
1 3410
1 3419
0 3415
1 3412
1 3416
0 3417
1 3423
0 3424
0 3448
1 3440
0 3435
1 3431
1 3430
1 3433
0 3432
1 3437
1 3436
1 3438
1 3446
0 3444
1 3443
1 3445
1 3447
1 3457
1 3451
1 3450
1 3453
1 3464
0 3459
1 3458
1 3461
1 3465
0 3469
1 3523
0 3491
1 3485
1 3478
1 3475
0 3477
1 3480
0 3479
1 3487
1 3486
1 3490
1 3505
1 3502
0 3495
1 3493
0 3492
0 3494
1 3497
0 3496
0 3498
1 3504
0 3514
1 3510
1 3507
0 3508
1 3512
1 3518
1 3517
1 3521
0 3540
1 3534
1 3530
1 3529
1 3533
1 3537
1 3535
1 3539
1 3550
1 3545
1 3541
0 3542
1 3546
0 3556
1 3554
1 3553
1 3555
1 3561
1 3558
0 3559
1 3563
0 3562
0 3929
1 3759
0 3674
1 3624
0 3596
1 3580
1 3572
0 3570
1 3568
0 3567
1 3571
1 3575
0 3573
0 3589
1 3587
1 3582
0 3581
0 3583
1 3588
1 3592
1 3590
0 3591
1 3594
1 3612
1 3601
1 3597
0 3599
1 3602
1 3618
0 3616
1 3614
1 3617
0 3620
1 3619
1 3622
0 3645
1 3632
1 3628
1 3625
0 3626
1 3630
0 3631
1 3638
1 3634
0 3635
0 3640
1 3639
1 3642
1 3657
1 3649
1 3647
0 3646
0 3648
0 3653
1 3651
0 3652
1 3654
0 3655
0 3667
1 3661
0 3659
1 3658
1 3660
0 3664
1 3663
1 3665
0 3666
1 3670
1 3668
1 3673
0 3671
1 3717
0 3697
1 3685
1 3682
1 3678
0 3677
1 3684
1 3691
1 3687
0 3688
1 3692
1 3703
1 3700
1 3698
1 3701
0 3711
1 3707
1 3706
1 3708
1 3714
1 3713
1 3715
0 3716
1 3740
0 3727
1 3721
1 3720
1 3723
0 3724
1 3732
0 3730
1 3728
0 3729
1 3731
0 3736
1 3734
0 3733
1 3738
0 3737
0 3751
1 3744
1 3742
0 3749
1 3748
1 3750
1 3755
1 3753
0 3752
1 3757
0 3834
1 3791
0 3777
1 3763
1 3761
1 3760
1 3762
1 3769
0 3766
1 3764
1 3768
1 3774
0 3770
1 3786
1 3780
1 3778
0 3782
1 3781
1 3785
0 3783
1 3788
1 3787
1 3790
1 3811
0 3800
1 3794
1 3793
1 3796
1 3808
1 3802
0 3801
1 3809
0 3822
1 3815
1 3813
0 3812
0 3814
0 3818
1 3817
1 3820
0 3819
0 3821
1 3827
1 3824
0 3830
1 3829
1 3831
1 3888
0 3863
1 3847
1 3837
1 3835
0 3836
0 3841
1 3839
1 3843
0 3842
1 3854
0 3851
1 3850
1 3853
0 3852
0 3857
1 3855
1 3859
0 3858
1 3877
1 3867
1 3864
0 3866
0 3873
1 3870
0 3871
1 3875
0 3874
0 3876
1 3884
0 3880
1 3878
1 3883
0 3881
1 3885
0 3886
0 3904
1 3897
1 3891
1 3889
0 3890
0 3893
1 3892
1 3895
0 3894
0 3896
1 3900
1 3898
1 3901
1 3918
0 3910
1 3908
1 3905
1 3909
1 3915
0 3912
1 3911
1 3914
1 3916
1 3922
0 3920
1 3919
1 3921
1 3928
0 3925
1 4064
0 3997
1 3965
1 3950
0 3941
1 3934
1 3933
0 3930
0 3939
1 3937
0 3938
1 3940
1 3946
1 3944
0 3942
1 3947
0 3956
1 3954
1 3951
0 3953
1 3955
1 3958
1 3957
0 3961
1 3959
1 3964
1 3981
1 3975
0 3969
1 3967
1 3971
1 3978
0 3987
1 3985
1 3983
0 3984
1 3986
1 3993
1 3988
1 3995
1 4019
1 4009
1 4002
1 4001
0 4006
1 4003
1 4007
0 4008
1 4013
1 4011
0 4012
0 4016
1 4014
1 4017
0 4044
1 4030
1 4025
1 4022
0 4023
1 4027
0 4039
1 4036
1 4034
0 4035
1 4037
1 4041
1 4040
1 4043
0 4042
1 4055
1 4050
1 4047
0 4049
1 4054
1 4060
1 4058
1 4062
0 4136
1 4091
1 4085
1 4080
0 4076
1 4071
0 4070
1 4077
0 4078
1 4081
1 4087
1 4086
1 4088
0 4122
1 4105
1 4098
0 4093
1 4092
1 4094
1 4100
0 4101
1 4111
1 4108
0 4110
0 4114
1 4112
0 4113
1 4115
1 4128
1 4126
1 4123
0 4124
1 4127
1 4131
1 4129
1 4133
0 4135
1 4170
1 4151
0 4144
1 4138
1 4137
0 4140
1 4139
1 4142
1 4148
1 4145
1 4149
0 4150
0 4158
1 4154
1 4153
1 4155
1 4160
1 4159
1 4163
0 4161
1 4179
1 4173
1 4171
0 4172
0 4177
1 4175
0 4176
1 4178
1 4184
1 4183
0 4188
1 4186
1 4190
0 5299
1 4711
0 4509
1 4360
0 4281
1 4255
0 4230
1 4207
1 4199
1 4197
0 4203
1 4200
1 4204
0 4205
0 4222
1 4215
0 4210
1 4209
1 4212
0 4211
0 4218
1 4216
0 4217
1 4221
0 4219
1 4227
1 4226
0 4224
1 4229
0 4228
1 4244
0 4240
1 4236
1 4232
1 4237
0 4238
1 4242
1 4241
1 4243
1 4249
1 4246
0 4247
0 4253
1 4252
1 4254
1 4271
0 4265
1 4261
0 4258
1 4256
1 4259
0 4260
1 4262
1 4268
1 4266
1 4270
1 4276
1 4274
1 4279
0 4277
1 4317
1 4299
0 4287
1 4284
1 4283
0 4282
1 4285
1 4293
1 4290
0 4288
1 4296
0 4295
0 4308
1 4301
1 4300
1 4305
0 4302
1 4310
1 4309
1 4314
0 4315
0 4336
1 4327
1 4321
1 4318
1 4325
0 4323
1 4331
1 4330
0 4334
1 4333
0 4332
1 4335
1 4347
1 4342
1 4338
0 4340
0 4345
1 4344
1 4346
1 4352
1 4351
0 4348
1 4358
0 4353
0 4448
1 4402
0 4383
1 4369
1 4365
1 4362
0 4363
1 4366
1 4374
0 4372
1 4370
1 4373
1 4379
0 4377
1 4391
1 4387
1 4385
1 4388
1 4396
1 4395
1 4398
0 4426
1 4413
1 4406
1 4404
0 4403
1 4410
0 4407
1 4422
0 4417
1 4415
0 4414
1 4419
0 4420
1 4424
0 4423
1 4438
1 4432
0 4428
1 4427
1 4429
0 4434
1 4433
1 4436
0 4435
1 4443
1 4440
0 4442
1 4445
1 4472
1 4463
0 4459
1 4453
0 4450
1 4449
1 4451
0 4452
0 4456
1 4454
1 4457
1 4461
1 4460
1 4462
1 4468
0 4465
1 4464
1 4466
0 4467
1 4469
1 4485
1 4478
1 4477
0 4481
1 4480
0 4479
1 4482
0 4483
0 4496
1 4490
0 4487
1 4486
1 4488
0 4493
1 4491
1 4494
1 4504
0 4499
1 4498
1 4502
0 4506
1 4505
1 4508
1 4598
1 4547
1 4523
0 4515
1 4513
1 4512
1 4514
1 4520
1 4518
1 4521
0 4537
1 4529
0 4526
1 4525
0 4524
1 4528
1 4534
0 4532
1 4540
1 4539
0 4545
1 4543
0 4544
1 4546
0 4568
1 4561
1 4554
0 4550
1 4549
1 4552
1 4555
1 4563
1 4562
1 4565
1 4586
1 4576
1 4575
0 4573
0 4583
1 4580
0 4581
1 4584
1 4590
1 4588
0 4589
1 4594
0 4595
1 4651
0 4626
1 4617
0 4610
1 4604
1 4601
0 4599
0 4607
1 4605
1 4608
1 4613
1 4612
0 4611
1 4614
1 4624
1 4621
1 4625
1 4642
0 4635
1 4632
1 4628
1 4633
1 4639
1 4636
1 4640
1 4646
1 4644
1 4647
0 4680
1 4665
0 4658
1 4654
1 4653
0 4652
1 4656
0 4655
1 4662
0 4660
1 4659
1 4661
1 4664
1 4673
1 4670
0 4667
0 4677
1 4674
0 4675
1 4679
1 4692
1 4688
0 4685
1 4684
1 4686
0 4687
1 4690
0 4691
0 4704
1 4700
1 4698
0 4693
1 4702
0 4703
1 4707
1 4706
1 4709
0 5043
1 4925
0 4787
1 4744
1 4732
0 4720
1 4714
1 4713
0 4712
1 4718
0 4715
1 4726
0 4723
1 4722
1 4725
1 4729
0 4728
1 4739
1 4736
0 4738
0 4741
1 4740
1 4742
0 4764
1 4757
1 4749
1 4748
0 4754
1 4751
0 4750
1 4755
1 4761
1 4759
1 4762
1 4777
0 4771
1 4768
1 4766
0 4767
1 4769
1 4774
1 4772
1 4776
1 4781
1 4779
0 4778
0 4780
0 4783
1 4782
1 4785
0 4784
0 4786
1 4858
0 4820
1 4807
0 4796
1 4790
1 4789
1 4792
0 4791
1 4802
1 4798
0 4799
1 4804
1 4813
0 4809
1 4808
1 4810
0 4817
1 4815
0 4814
1 4819
0 4818
1 4841
0 4827
1 4823
1 4822
1 4824
1 4832
0 4829
1 4828
1 4830
1 4836
0 4850
1 4844
1 4842
1 4849
0 4845
1 4853
1 4851
0 4852
1 4855
0 4893
1 4877
0 4867
1 4861
1 4859
0 4863
1 4862
1 4865
0 4864
1 4871
1 4868
1 4873
0 4874
0 4881
1 4879
1 4878
1 4880
1 4888
1 4885
0 4882
1 4890
0 4891
1 4913
0 4903
1 4900
1 4894
0 4897
1 4901
0 4902
1 4905
1 4904
1 4909
0 4910
0 4919
1 4917
1 4914
1 4918
1 4921
1 4920
1 4922
0 4981
1 4946
1 4933
1 4928
1 4926
1 4929
0 4930
1 4939
0 4937
1 4935
1 4938
1 4941
0 4943
0 4962
1 4953
1 4948
1 4947
1 4949
1 4956
1 4954
1 4957
0 4959
1 4970
1 4965
1 4963
0 4964
1 4968
0 4966
1 4974
0 4972
1 4971
1 4973
1 4978
0 4977
1 5017
1 5005
0 4989
1 4987
1 4984
0 4982
1 4988
1 4995
0 4993
1 4991
0 4990
1 4994
0 4999
1 4997
1 5000
0 5010
1 5007
1 5006
1 5008
1 5012
1 5011
1 5014
0 5013
1 5030
1 5024
0 5021
1 5018
1 5022
1 5027
0 5035
1 5033
1 5031
1 5034
1 5037
1 5036
1 5041
0 5038
1 5125
1 5085
0 5068
1 5061
1 5049
1 5045
0 5046
1 5054
0 5051
1 5064
1 5062
1 5065
0 5067
1 5079
1 5072
1 5071
1 5074
1 5082
1 5080
0 5081
1 5083
0 5101
1 5094
1 5089
1 5087
1 5090
0 5092
1 5096
1 5095
1 5099
1 5108
1 5103
1 5102
1 5106
1 5121
0 5114
1 5110
0 5109
1 5116
0 5115
1 5124
0 5122
0 5204
1 5170
0 5153
1 5141
0 5132
1 5128
1 5127
1 5131
0 5129
1 5134
1 5133
1 5138
0 5135
1 5146
1 5145
0 5150
1 5147
1 5151
1 5163
1 5158
1 5157
1 5160
0 5159
1 5165
1 5164
1 5168
1 5185
0 5178
1 5174
1 5171
1 5176
0 5175
0 5177
1 5182
1 5180
0 5179
1 5183
0 5193
1 5189
1 5187
0 5188
1 5191
0 5192
1 5201
0 5198
1 5195
0 5194
0 5196
1 5199
1 5202
1 5256
0 5226
1 5209
1 5207
1 5205
1 5208
1 5220
0 5214
1 5212
1 5215
1 5223
0 5224
1 5240
0 5233
1 5228
1 5227
1 5231
0 5229
1 5236
1 5235
1 5238
1 5248
0 5243
1 5241
0 5242
1 5244
0 5250
1 5249
1 5252
0 5269
1 5263
1 5259
1 5258
1 5260
1 5267
1 5266
1 5268
1 5289
0 5278
1 5274
1 5272
0 5270
1 5277
0 5275
1 5284
0 5280
1 5279
1 5282
0 5286
1 5285
1 5288
1 5292
1 5291
0 5290
0 5296
1 5294
0 5293
1 5297
0 5298
1 5531
1 5460
0 5378
1 5337
1 5319
0 5307
1 5304
0 5302
1 5300
1 5303
1 5305
1 5314
0 5309
1 5308
1 5311
1 5316
1 5327
1 5322
0 5320
0 5330
1 5328
0 5329
1 5332
0 5334
0 5365
1 5351
1 5343
1 5339
0 5338
0 5345
1 5344
1 5348
0 5347
0 5358
1 5355
1 5354
1 5357
0 5356
1 5362
1 5360
0 5361
1 5363
1 5371
1 5367
1 5366
1 5369
1 5376
0 5373
1 5372
1 5375
0 5374
1 5377
1 5409
1 5397
0 5387
1 5385
1 5384
0 5379
1 5386
1 5390
1 5389
1 5392
0 5391
1 5402
1 5399
0 5400
1 5405
0 5403
1 5433
0 5419
1 5414
1 5412
1 5417
0 5415
1 5425
0 5421
1 5420
1 5423
0 5428
1 5427
1 5431
0 5429
0 5447
1 5441
0 5436
1 5434
1 5437
0 5438
1 5443
1 5452
1 5450
0 5451
1 5455
0 5456
1 5491
1 5474
1 5470
0 5466
1 5462
0 5461
1 5468
0 5467
1 5473
0 5485
1 5478
1 5476
0 5475
0 5481
1 5479
1 5483
0 5482
1 5489
1 5488
0 5486
1 5490
1 5514
0 5504
1 5497
0 5495
1 5492
1 5496
0 5502
1 5498
1 5503
1 5507
1 5506
1 5511
0 5508
1 5526
0 5522
1 5518
1 5524
0 5525
1 5529
0 5530
0 5735
1 5611
1 5586
0 5562
1 5553
0 5543
1 5537
1 5535
0 5533
0 5541
1 5538
1 5542
1 5545
1 5544
0 5549
1 5547
1 5550
1 5557
1 5554
0 5555
0 5560
1 5558
1 5561
1 5572
1 5566
1 5564
0 5563
0 5565
0 5570
1 5568
0 5567
0 5569
1 5571
1 5578
0 5576
1 5575
0 5573
1 5577
0 5582
1 5580
0 5579
0 5581
1 5584
0 5583
0 5585
1 5600
1 5592
1 5591
0 5588
0 5597
1 5594
1 5599
1 5606
1 5603
0 5604
0 5609
1 5608
1 5610
1 5665
0 5647
1 5628
0 5616
1 5614
1 5612
1 5615
1 5622
1 5619
0 5617
1 5626
0 5640
1 5633
1 5632
0 5638
1 5635
0 5634
0 5636
1 5639
1 5644
1 5642
1 5645
1 5658
1 5652
1 5649
0 5650
1 5654
0 5655
1 5662
1 5660
1 5664
0 5697
1 5677
1 5671
0 5669
1 5667
0 5666
0 5668
1 5670
0 5674
1 5673
1 5675
0 5688
1 5683
0 5680
1 5678
1 5682
0 5681
1 5686
0 5684
1 5693
1 5691
0 5689
1 5695
0 5696
1 5717
0 5706
1 5701
1 5699
0 5700
1 5704
1 5712
1 5708
0 5710
1 5715
0 5714
1 5727
0 5723
1 5719
0 5720
1 5725
0 5724
1 5732
1 5873
0 5818
1 5777
0 5761
1 5748
1 5741
1 5738
0 5739
1 5745
0 5747
1 5753
1 5752
0 5750
0 5756
1 5755
0 5754
1 5758
0 5757
1 5767
1 5764
1 5762
0 5763
1 5765
1 5769
1 5768
1 5771
0 5773
1 5792
0 5786
1 5782
1 5780
1 5785
1 5789
1 5788
0 5787
1 5791
0 5805
1 5799
0 5794
1 5793
1 5796
0 5795
0 5801
1 5800
1 5803
0 5804
1 5811
0 5808
1 5807
0 5806
1 5810
0 5814
1 5812
1 5816
0 5817
1 5840
1 5828
1 5823
0 5821
1 5820
1 5822
1 5827
0 5824
1 5834
0 5832
1 5830
0 5829
1 5833
0 5836
1 5835
1 5837
1 5857
0 5847
1 5844
1 5842
0 5843
1 5846
1 5854
0 5849
1 5848
1 5851
1 5855
0 5856
1 5865
0 5860
1 5859
1 5862
0 5869
1 5867
0 5866
0 5868
1 5871
1 5899
1 5889
0 5883
1 5876
1 5875
1 5877
1 5887
1 5886
1 5888
1 5894
0 5891
1 5890
1 5892
0 5897
1 5896
1 5898
0 5939
1 5919
0 5911
1 5905
0 5902
1 5901
1 5904
0 5907
1 5906
1 5909
0 5908
1 5916
1 5913
0 5912
1 5917
0 5930
1 5922
1 5921
0 5920
0 5924
1 5923
1 5927
1 5932
1 5931
1 5937
0 5933
1 5955
0 5949
1 5942
1 5940
0 5941
1 5944
0 5945
1 5951
1 5950
1 5953
0 5965
1 5962
0 5958
1 5957
1 5959
0 5960
1 5963
1 5970
1 5967
1 5973
0 5972
0 7587
1 6848
1 6584
0 6333
1 6144
0 6076
1 6032
0 6006
1 5997
0 5987
1 5984
0 5979
1 5978
0 5977
1 5981
0 5980
0 5982
1 5985
0 5986
1 5993
0 5990
1 5989
1 5991
1 5994
1 6001
1 5998
0 6004
1 6002
1 6005
1 6017
1 6012
0 6010
1 6007
0 6008
1 6011
0 6014
1 6013
1 6016
0 6024
1 6022
1 6020
0 6021
1 6023
1 6027
1 6025
1 6028
0 6057
1 6046
1 6035
1 6033
0 6034
0 6040
1 6036
1 6041
1 6051
1 6048
1 6053
0 6052
1 6068
1 6063
1 6060
0 6061
1 6065
1 6072
1 6071
1 6074
0 6075
1 6099
1 6085
1 6080
1 6077
1 6081
0 6094
1 6088
1 6086
0 6087
1 6093
0 6089
1 6096
1 6095
1 6097
0 6123
1 6110
1 6105
0 6102
1 6100
1 6104
0 6103
0 6108
1 6106
1 6109
1 6117
0 6112
1 6111
1 6115
1 6120
1 6130
1 6126
1 6125
0 6124
1 6128
0 6127
0 6129
1 6137
0 6134
1 6131
0 6132
1 6136
1 6142
0 6143
0 6220
1 6168
1 6156
1 6151
0 6148
1 6146
1 6150
0 6153
1 6152
1 6154
0 6155
1 6160
1 6158
0 6157
0 6163
1 6162
0 6161
1 6165
0 6193
1 6180
1 6175
0 6171
1 6169
1 6173
0 6172
1 6179
0 6184
1 6182
1 6181
1 6183
1 6188
1 6186
1 6191
0 6189
1 6202
1 6197
1 6196
0 6200
1 6199
1 6201
0 6209
1 6206
1 6203
1 6207
0 6208
1 6215
0 6211
1 6210
1 6214
1 6217
1 6285
0 6251
1 6240
1 6227
1 6223
0 6224
0 6233
1 6230
0 6229
1 6238
0 6247
1 6242
1 6241
1 6243
1 6249
1 6248
1 6250
1 6266
1 6257
0 6255
1 6252
0 6253
1 6256
1 6263
0 6265
0 6275
1 6268
1 6267
0 6270
1 6269
1 6272
1 6279
1 6277
0 6276
0 6282
1 6281
0 6280
1 6284
0 6306
1 6295
1 6290
0 6287
1 6286
1 6288
1 6293
0 6294
1 6301
1 6297
0 6296
0 6304
1 6302
1 6305
1 6317
1 6310
1 6308
0 6307
0 6314
1 6312
0 6311
0 6313
1 6315
0 6326
1 6323
1 6319
0 6318
1 6325
1 6330
1 6328
1 6331
0 6332
1 6473
0 6402
1 6383
0 6363
1 6349
0 6342
1 6337
1 6335
1 6338
1 6344
1 6343
1 6347
1 6357
0 6351
1 6350
1 6353
0 6352
0 6354
1 6358
1 6373
1 6366
1 6364
0 6365
1 6371
0 6368
1 6377
1 6374
1 6381
0 6378
1 6394
1 6389
1 6384
0 6386
0 6391
1 6390
1 6392
1 6397
1 6395
1 6398
1 6441
0 6420
1 6411
1 6404
1 6403
1 6408
1 6414
1 6412
0 6413
1 6415
0 6416
1 6433
0 6427
1 6423
1 6421
1 6425
1 6429
1 6428
1 6431
1 6437
1 6434
1 6439
0 6440
1 6457
0 6449
1 6445
1 6444
1 6447
1 6453
1 6450
1 6454
0 6456
0 6465
1 6462
1 6459
0 6458
1 6464
1 6469
1 6467
0 6468
1 6472
0 6521
1 6497
1 6484
1 6476
1 6474
0 6479
1 6477
0 6478
1 6482
1 6490
1 6489
0 6486
1 6493
0 6496
1 6505
1 6501
1 6500
1 6502
0 6515
1 6512
0 6508
1 6506
1 6509
1 6513
1 6517
1 6516
1 6518
1 6558
0 6541
1 6527
1 6524
1 6523
1 6526
1 6531
1 6529
1 6539
1 6549
1 6545
1 6544
1 6548
1 6552
1 6550
1 6555
0 6553
1 6570
1 6563
1 6560
0 6561
1 6569
0 6565
1 6577
0 6573
1 6571
1 6575
0 6576
1 6583
1 6700
1 6632
0 6606
1 6591
1 6587
1 6586
0 6585
1 6588
1 6599
1 6594
0 6593
1 6605
0 6602
1 6620
1 6613
0 6609
1 6608
1 6611
0 6615
1 6614
1 6618
1 6626
0 6622
1 6621
1 6623
0 6628
1 6627
1 6629
0 6670
1 6653
0 6644
1 6638
0 6634
1 6633
1 6635
1 6641
0 6642
1 6648
1 6645
0 6651
1 6649
1 6652
0 6659
1 6656
1 6655
1 6657
0 6658
1 6663
1 6662
0 6667
1 6664
1 6669
1 6687
0 6683
1 6676
1 6673
0 6678
1 6677
1 6679
1 6685
1 6684
1 6686
1 6695
0 6691
1 6689
1 6692
1 6696
0 6781
1 6731
1 6711
1 6706
0 6703
1 6701
0 6702
1 6704
1 6709
0 6718
1 6715
1 6712
1 6716
1 6723
1 6720
0 6719
0 6725
1 6724
1 6727
0 6726
0 6752
1 6746
1 6740
0 6734
1 6732
0 6733
1 6736
0 6735
0 6737
1 6742
0 6744
1 6748
1 6747
1 6751
1 6768
0 6761
1 6758
1 6757
1 6760
1 6764
1 6763
1 6766
0 6767
1 6773
0 6770
1 6769
1 6771
1 6780
0 6777
1 6813
1 6803
0 6792
1 6787
1 6783
0 6785
1 6790
0 6791
1 6797
1 6794
0 6793
1 6800
0 6798
1 6807
1 6806
0 6804
0 6811
1 6810
1 6812
1 6829
1 6822
0 6818
1 6814
1 6819
1 6826
0 6824
0 6840
1 6832
1 6830
0 6831
0 6836
1 6834
0 6835
1 6837
1 6845
1 6841
1 6846
1 7138
1 7018
0 6945
1 6892
1 6875
0 6861
1 6853
0 6850
1 6849
1 6851
0 6857
1 6856
1 6858
1 6869
0 6864
1 6862
0 6863
1 6866
0 6865
0 6872
1 6870
1 6873
0 6884
1 6881
0 6877
1 6876
1 6878
1 6882
1 6889
1 6886
0 6885
1 6890
0 6914
1 6907
0 6900
1 6894
1 6893
0 6898
1 6895
1 6899
1 6902
1 6901
1 6906
0 6903
1 6911
1 6909
0 6908
1 6912
0 6913
1 6928
0 6921
1 6919
0 6917
1 6916
1 6918
1 6920
1 6926
0 6924
1 6923
1 6925
1 6927
0 6936
1 6931
1 6930
0 6929
1 6933
0 6934
1 6939
1 6937
0 6938
0 6942
1 6940
1 6943
1 6989
0 6963
1 6957
1 6955
1 6952
1 6956
1 6960
1 6959
1 6961
1 6977
0 6969
1 6966
1 6964
1 6967
0 6968
1 6974
1 6973
1 6975
1 6981
1 6979
0 6978
0 6985
1 6983
1 6987
1 7004
1 6998
0 6991
1 6990
1 6992
1 7000
0 7002
0 7010
1 7006
1 7005
1 7009
1 7016
1 7012
0 7015
1 7017
1 7078
0 7048
1 7037
0 7027
1 7020
1 7019
0 7022
1 7021
1 7024
1 7030
1 7028
0 7029
0 7033
1 7031
1 7036
1 7042
1 7039
0 7045
1 7043
1 7047
1 7067
0 7059
1 7054
0 7050
1 7049
1 7052
1 7057
0 7055
1 7063
1 7060
0 7062
1 7065
1 7073
0 7069
1 7068
1 7072
0 7070
1 7076
0 7074
0 7101
1 7092
1 7085
0 7080
1 7079
1 7083
1 7088
0 7090
1 7096
0 7094
1 7093
1 7095
0 7099
1 7097
1 7100
1 7120
0 7110
1 7106
1 7103
0 7102
1 7107
1 7116
1 7113
0 7115
1 7118
0 7117
1 7129
1 7126
0 7123
0 7131
1 7130
1 7134
0 7391
1 7239
1 7165
1 7153
1 7146
1 7143
0 7139
0 7150
1 7147
1 7152
1 7160
0 7155
1 7154
1 7158
1 7163
0 7162
0 7196
1 7185
0 7173
1 7167
1 7166
0 7171
1 7169
0 7168
1 7172
1 7180
0 7175
1 7174
1 7177
0 7182
1 7181
1 7183
1 7191
1 7189
1 7194
1 7218
0 7207
1 7204
0 7201
1 7199
1 7202
1 7205
1 7209
1 7208
1 7213
0 7211
0 7228
1 7220
1 7219
0 7223
1 7221
0 7222
1 7225
0 7224
0 7226
1 7233
0 7230
1 7229
1 7232
1 7236
0 7234
0 7304
1 7265
1 7248
1 7243
1 7241
1 7245
0 7247
0 7257
1 7252
1 7249
0 7250
1 7254
0 7255
1 7259
1 7258
1 7260
0 7286
1 7278
1 7270
1 7266
0 7268
0 7274
1 7271
1 7277
1 7283
1 7280
1 7284
1 7294
1 7289
1 7288
1 7290
1 7298
1 7295
0 7302
1 7301
0 7299
1 7303
1 7348
0 7325
1 7316
1 7308
1 7307
1 7309
1 7318
1 7317
0 7321
1 7319
1 7322
1 7342
0 7333
1 7330
1 7329
0 7326
1 7332
1 7337
1 7334
1 7341
0 7338
1 7345
1 7344
1 7347
0 7346
1 7367
0 7361
1 7351
1 7349
0 7354
1 7352
1 7355
1 7364
1 7362
1 7366
0 7378
1 7370
1 7369
1 7375
0 7372
1 7384
0 7380
1 7379
1 7382
0 7381
0 7383
1 7387
0 7385
1 7488
1 7445
0 7416
1 7403
1 7397
0 7394
1 7392
1 7396
1 7399
0 7400
1 7409
0 7406
1 7404
0 7405
1 7407
0 7412
1 7410
0 7411
1 7413
1 7437
0 7423
1 7418
1 7417
1 7420
1 7431
1 7427
0 7425
1 7435
1 7441
1 7438
0 7439
1 7443
0 7442
0 7466
1 7456
1 7453
1 7450
0 7446
1 7454
0 7455
1 7461
1 7457
1 7465
0 7462
1 7475
1 7472
1 7470
0 7469
1 7474
0 7473
1 7480
1 7478
0 7479
0 7484
1 7481
1 7485
1 7540
0 7512
1 7500
0 7496
1 7491
1 7489
0 7490
1 7493
1 7498
1 7497
1 7499
0 7507
1 7505
1 7504
0 7501
1 7506
1 7510
1 7509
1 7511
1 7523
1 7519
0 7515
1 7514
1 7516
1 7520
0 7529
1 7526
1 7524
1 7527
1 7537
0 7532
1 7531
0 7530
1 7534
0 7533
0 7535
1 7539
0 7568
1 7554
1 7546
1 7542
0 7541
0 7551
1 7548
0 7547
0 7549
1 7552
0 7553
0 7561
1 7558
1 7556
1 7559
1 7565
1 7563
0 7562
1 7567
1 7579
1 7573
1 7571
0 7569
1 7577
1 7583
1 7581
0 7582
1 7584
1 8883
1 8279
0 7981
1 7766
0 7664
1 7616
1 7600
0 7592
1 7589
1 7588
1 7590
1 7594
1 7593
1 7598
0 7595
0 7609
1 7605
1 7602
0 7607
1 7606
1 7608
1 7611
1 7610
1 7614
0 7633
1 7622
1 7620
1 7618
0 7617
1 7621
1 7629
0 7625
1 7624
1 7627
1 7630
0 7631
1 7644
1 7638
1 7636
0 7637
1 7639
0 7653
1 7648
1 7646
0 7645
0 7647
0 7650
1 7649
1 7651
0 7652
1 7655
1 7654
1 7658
1 7718
0 7691
1 7676
0 7670
1 7666
1 7665
1 7667
1 7673
1 7672
0 7671
1 7675
0 7674
0 7685
1 7678
1 7677
1 7679
1 7687
1 7686
1 7688
1 7705
0 7699
1 7695
1 7692
0 7693
1 7697
1 7703
1 7700
1 7704
1 7710
1 7708
0 7707
1 7715
0 7716
0 7744
1 7726
1 7722
1 7720
0 7721
1 7724
0 7733
1 7730
1 7728
0 7727
0 7729
1 7731
1 7736
1 7734
1 7737
0 7739
1 7751
1 7748
1 7745
1 7750
1 7758
0 7754
1 7753
0 7752
1 7756
0 7757
1 7761
0 7762
0 7876
1 7825
0 7798
1 7785
0 7777
1 7770
1 7767
0 7769
0 7773
1 7771
1 7774
0 7775
1 7780
1 7779
1 7783
0 7782
0 7790
1 7788
1 7786
1 7789
1 7793
1 7792
0 7791
1 7795
0 7797
1 7813
1 7804
0 7800
1 7799
1 7801
0 7802
0 7807
1 7805
0 7806
1 7808
1 7819
0 7816
1 7814
1 7817
1 7822
0 7846
1 7835
1 7831
0 7829
1 7826
0 7827
1 7830
1 7834
0 7832
1 7839
1 7837
0 7841
1 7840
1 7844
0 7842
1 7860
1 7853
0 7850
1 7847
0 7849
1 7851
1 7855
0 7856
1 7870
0 7865
1 7862
1 7866
1 7871
0 7875
1 7942
0 7914
1 7897
0 7888
1 7882
1 7877
0 7885
1 7884
1 7887
1 7893
0 7890
1 7889
1 7891
1 7895
0 7896
0 7904
1 7902
1 7900
1 7903
1 7909
0 7907
1 7906
1 7908
1 7911
0 7912
1 7934
0 7925
1 7920
0 7916
1 7915
1 7918
0 7917
0 7919
1 7922
0 7923
1 7927
1 7926
1 7930
1 7938
1 7936
0 7937
1 7940
0 7957
1 7950
1 7945
1 7943
1 7947
1 7953
1 7951
1 7955
0 7954
1 7967
1 7962
1 7960
0 7958
1 7963
0 7964
0 7973
1 7971
1 7969
1 7972
1 7977
1 7975
0 7974
0 7976
1 7978
0 7979
1 8142
0 8070
1 8025
0 8004
1 7996
1 7992
0 7990
1 7984
0 7983
1 7991
1 7995
0 7993
1 8001
1 8000
1 8002
1 8013
1 8008
1 8006
0 8007
1 8011
1 8020
0 8015
1 8014
1 8019
0 8016
1 8023
0 8047
1 8036
1 8030
0 8028
1 8027
1 8029
1 8032
0 8033
1 8043
1 8040
0 8041
0 8045
1 8044
1 8046
1 8057
1 8053
1 8052
0 8049
1 8056
0 8054
1 8066
0 8063
1 8059
0 8060
1 8064
0 8068
1 8067
1 8069
1 8119
0 8096
1 8081
1 8075
0 8072
1 8071
1 8073
1 8077
0 8076
0 8090
1 8085
1 8082
0 8084
0 8087
1 8086
1 8089
1 8094
1 8092
1 8095
1 8106
1 8101
1 8097
0 8103
1 8102
1 8105
1 8117
0 8110
1 8108
0 8107
1 8112
1 8118
1 8128
1 8121
1 8120
1 8125
1 8135
1 8130
0 8133
1 8137
0 8138
0 8208
1 8169
1 8158
0 8150
1 8147
0 8144
1 8143
1 8146
0 8145
1 8149
1 8156
1 8154
0 8155
1 8157
1 8163
1 8162
0 8159
0 8167
1 8166
1 8168
1 8192
0 8175
1 8172
1 8170
0 8171
1 8174
1 8186
0 8177
1 8176
1 8181
0 8178
1 8188
0 8203
1 8199
1 8197
0 8194
1 8200
0 8201
1 8206
1 8204
0 8205
1 8207
1 8250
0 8229
1 8221
1 8213
0 8211
1 8210
1 8212
0 8217
1 8215
0 8214
0 8216
1 8219
0 8218
0 8220
1 8224
1 8223
0 8222
1 8226
0 8225
1 8243
1 8234
1 8230
1 8240
0 8241
1 8247
1 8244
1 8248
1 8264
1 8258
0 8254
1 8252
0 8251
0 8253
1 8256
1 8259
0 8272
1 8267
1 8265
1 8270
0 8268
1 8276
1 8275
1 8278
0 8602
1 8428
0 8348
1 8315
1 8295
0 8290
1 8285
0 8282
1 8280
0 8281
1 8283
1 8286
0 8287
1 8292
1 8291
1 8293
0 8294
0 8305
1 8300
1 8299
1 8304
1 8309
1 8308
0 8306
0 8312
1 8311
1 8314
0 8313
1 8329
0 8320
1 8317
1 8316
1 8318
1 8325
1 8324
1 8327
0 8338
1 8333
1 8330
1 8334
1 8344
1 8340
0 8341
1 8346
1 8401
0 8372
1 8363
0 8356
1 8353
0 8350
1 8349
1 8351
1 8354
1 8359
1 8358
1 8360
1 8366
1 8364
0 8365
0 8369
1 8368
1 8371
1 8388
0 8381
1 8377
1 8375
0 8373
1 8378
1 8383
1 8382
1 8385
0 8384
1 8393
1 8391
0 8397
1 8396
0 8394
1 8399
0 8398
1 8419
1 8415
0 8409
1 8407
1 8410
0 8411
1 8416
0 8417
1 8425
1 8423
0 8424
1 8427
0 8426
0 8515
1 8478
0 8447
1 8437
1 8432
1 8430
0 8429
0 8431
1 8433
1 8442
1 8439
1 8444
1 8463
0 8454
1 8451
1 8449
0 8450
1 8453
1 8459
1 8456
0 8455
0 8457
1 8462
0 8460
1 8470
1 8467
0 8465
0 8473
1 8471
1 8474
0 8494
1 8486
1 8483
1 8482
1 8485
1 8488
1 8487
1 8490
1 8503
1 8498
1 8495
0 8496
0 8500
1 8499
1 8501
0 8508
1 8505
1 8504
1 8507
1 8512
1 8510
1 8513
1 8569
0 8542
1 8533
1 8525
0 8519
1 8516
1 8520
0 8521
1 8529
0 8526
1 8537
1 8534
0 8540
1 8538
1 8541
1 8556
1 8549
1 8544
0 8543
0 8554
1 8550
1 8555
1 8563
1 8560
0 8561
0 8565
1 8564
1 8566
1 8588
1 8578
1 8574
0 8573
0 8581
1 8580
0 8579
1 8585
0 8586
0 8592
1 8590
1 8589
1 8591
1 8596
1 8595
1 8601
1 8728
0 8673
1 8638
1 8622
0 8611
1 8605
1 8604
1 8609
1 8616
1 8614
0 8615
0 8618
1 8617
1 8620
0 8619
0 8621
0 8631
1 8625
1 8624
0 8627
1 8626
1 8628
1 8636
1 8633
0 8634
1 8637
0 8656
1 8647
1 8643
1 8640
0 8639
1 8644
1 8652
1 8650
1 8655
1 8665
1 8661
1 8657
0 8663
1 8662
1 8664
1 8669
1 8666
1 8670
0 8672
1 8695
1 8687
1 8677
1 8675
0 8674
0 8676
0 8680
1 8678
0 8679
1 8681
1 8691
1 8688
1 8694
1 8708
1 8705
0 8698
1 8697
0 8696
1 8699
0 8700
1 8706
0 8707
0 8715
1 8710
1 8709
1 8712
1 8721
1 8719
0 8717
0 8725
1 8723
1 8726
0 8807
1 8779
0 8751
1 8741
1 8735
1 8729
0 8730
0 8738
1 8736
0 8737
1 8739
1 8746
1 8744
0 8745
1 8747
0 8748
1 8767
1 8756
1 8753
0 8754
0 8759
1 8757
1 8762
0 8761
1 8774
1 8770
1 8777
1 8798
0 8791
1 8784
1 8782
0 8780
1 8785
0 8787
1 8795
1 8794
1 8797
1 8805
0 8801
1 8800
1 8804
0 8802
1 8806
1 8845
0 8826
1 8816
1 8812
1 8808
1 8813
1 8818
1 8817
0 8820
1 8819
1 8821
1 8838
1 8828
1 8827
0 8832
1 8830
0 8831
1 8835
0 8833
1 8842
1 8840
0 8841
1 8844
1 8859
0 8850
1 8847
1 8846
1 8849
1 8856
1 8853
0 8854
1 8857
0 8858
0 8873
1 8866
0 8862
1 8860
1 8865
0 8863
0 8869
1 8867
0 8868
1 8871
1 8880
1 8874
0 8876
1 8881
0 9296
1 9003
1 8950
1 8929
0 8906
1 8896
1 8891
0 8887
1 8885
0 8884
0 8886
1 8890
0 8888
0 8894
1 8893
0 8892
1 8895
1 8900
1 8898
0 8897
1 8903
0 8902
1 8914
1 8911
0 8908
1 8907
1 8910
1 8913
0 8920
1 8916
1 8915
1 8917
1 8924
1 8922
0 8923
1 8926
0 8927
1 8938
1 8933
1 8932
0 8930
1 8934
0 8935
1 8943
1 8939
0 8940
1 8947
0 8946
1 8979
1 8969
0 8957
1 8953
1 8951
1 8954
1 8960
1 8958
0 8959
0 8964
1 8962
1 8966
0 8975
1 8972
1 8971
1 8973
1 8977
1 8976
1 8978
1 8987
1 8983
1 8981
1 8985
0 8986
1 8991
1 8990
1 9000
0 8994
1 9129
0 9056
1 9031
1 9017
1 9010
0 9007
1 9005
0 9004
1 9008
1 9013
0 9016
1 9024
1 9019
0 9018
1 9028
1 9049
0 9040
1 9037
1 9033
0 9034
1 9039
1 9045
1 9042
1 9046
1 9051
1 9050
1 9053
1 9081
1 9069
0 9064
1 9060
1 9058
0 9059
1 9062
0 9063
1 9066
1 9065
1 9068
1 9077
0 9073
1 9071
0 9070
0 9072
1 9075
1 9078
0 9080
0 9100
1 9092
1 9085
1 9083
0 9082
0 9084
0 9088
1 9086
1 9090
0 9091
1 9097
1 9095
1 9099
1 9113
1 9106
0 9104
1 9102
0 9103
1 9105
1 9110
0 9108
0 9119
1 9115
1 9114
1 9118
0 9116
1 9124
0 9122
1 9121
1 9123
1 9126
0 9125
0 9127
0 9215
1 9169
0 9140
1 9133
1 9131
1 9130
1 9132
1 9136
1 9134
0 9135
1 9139
0 9137
1 9154
1 9147
0 9143
1 9141
1 9144
0 9149
1 9148
1 9150
1 9157
1 9155
1 9166
1 9193
0 9176
1 9172
1 9170
1 9174
1 9182
0 9178
1 9177
1 9180
0 9179
0 9186
1 9183
1 9188
0 9187
0 9189
0 9203
1 9199
1 9196
0 9198
1 9201
0 9200
1 9209
1 9206
0 9208
1 9212
0 9211
1 9265
0 9247
1 9230
1 9222
0 9217
1 9216
1 9218
1 9223
0 9228
0 9238
1 9233
1 9232
1 9235
1 9243
1 9242
1 9244
0 9245
1 9254
1 9250
1 9248
1 9252
1 9258
1 9256
1 9262
1 9276
1 9269
1 9267
0 9268
0 9272
1 9270
1 9273
0 9286
1 9279
1 9277
1 9282
0 9280
1 9291
0 9288
1 9287
1 9289
1 9293
0 9294
1 9733
0 9543
1 9415
0 9348
1 9310
1 9304
1 9299
1 9298
0 9297
0 9302
1 9300
1 9303
1 9307
1 9306
0 9305
1 9308
1 9332
0 9323
1 9315
1 9311
0 9319
1 9316
0 9317
1 9320
0 9321
1 9327
1 9324
0 9325
1 9328
1 9340
0 9337
1 9333
1 9338
1 9343
1 9369
1 9359
1 9353
0 9350
1 9349
1 9351
0 9352
1 9356
1 9361
1 9360
1 9364
0 9390
1 9377
1 9373
1 9372
1 9374
1 9380
1 9378
0 9379
0 9382
1 9381
1 9385
1 9405
1 9398
0 9394
1 9391
0 9392
1 9395
0 9396
0 9401
1 9400
1 9402
1 9409
1 9407
1 9413
0 9411
1 9480
0 9455
1 9438
0 9423
1 9419
1 9416
0 9417
0 9421
1 9420
1 9422
1 9430
0 9425
1 9424
1 9427
0 9428
1 9435
0 9431
0 9448
1 9445
1 9439
1 9446
1 9451
1 9449
1 9453
1 9474
0 9468
1 9462
1 9458
0 9457
0 9464
1 9463
1 9465
1 9472
1 9471
1 9473
1 9477
1 9475
1 9478
0 9504
1 9488
1 9486
1 9482
1 9487
1 9501
0 9492
1 9490
0 9491
1 9493
1 9502
1 9523
0 9515
1 9510
0 9506
1 9505
1 9507
0 9512
1 9511
1 9514
1 9517
1 9516
1 9521
0 9522
0 9532
1 9529
0 9525
1 9524
1 9527
0 9526
1 9530
0 9531
1 9537
0 9534
1 9533
1 9535
0 9541
1 9539
0 9538
1 9542
1 9621
1 9588
0 9564
1 9556
1 9550
0 9545
1 9544
1 9546
1 9552
1 9559
1 9557
0 9558
1 9563
1 9571
1 9566
1 9565
1 9567
1 9574
1 9572
1 9578
0 9576
1 9601
1 9596
0 9592
1 9589
0 9591
1 9593
1 9600
0 9597
0 9611
1 9606
1 9605
0 9602
0 9609
1 9608
0 9607
1 9610
1 9616
0 9614
1 9613
1 9615
1 9618
1 9680
0 9661
1 9643
0 9633
1 9628
0 9625
1 9623
0 9624
1 9626
1 9632
0 9629
1 9638
0 9636
1 9635
0 9634
1 9637
1 9639
0 9652
1 9645
1 9644
1 9647
0 9646
0 9648
1 9654
1 9653
0 9657
1 9655
1 9659
1 9671
1 9666
1 9665
0 9663
1 9669
0 9667
1 9675
1 9673
0 9674
1 9677
0 9676
0 9678
0 9708
1 9689
1 9685
1 9681
0 9682
0 9687
1 9686
1 9688
0 9700
1 9695
1 9690
0 9697
1 9696
1 9698
1 9703
1 9701
1 9705
0 9706
1 9725
0 9714
1 9711
1 9709
0 9710
1 9712
1 9721
0 9718
1 9717
1 9719
1 9724
1 9730
0 9728
1 9727
1 9729
1 9731
1 9860
1 9793
0 9768
1 9755
0 9744
1 9741
0 9736
1 9734
1 9738
0 9739
1 9743
1 9748
1 9746
0 9745
0 9747
0 9751
1 9750
0 9749
1 9753
0 9752
0 9762
1 9757
1 9756
1 9760
0 9758
1 9764
1 9763
1 9765
1 9776
1 9772
1 9771
0 9769
1 9773
0 9786
1 9779
1 9778
0 9781
1 9780
1 9784
0 9782
1 9788
1 9787
0 9790
1 9789
1 9791
0 9819
1 9803
1 9799
0 9796
1 9794
1 9797
0 9798
1 9801
0 9800
0 9802
0 9812
1 9807
1 9804
1 9810
0 9809
1 9815
1 9814
1 9817
0 9818
1 9843
0 9829
1 9826
0 9823
1 9821
0 9822
1 9824
1 9828
1 9839
0 9833
1 9831
1 9836
0 9834
1 9840
0 9855
1 9848
0 9845
1 9844
1 9846
0 9847
0 9851
1 9850
0 9849
1 9852
1 9858
1 9856
0 9857
1 9859
0 9916
1 9889
1 9871
1 9864
1 9862
1 9866
0 9865
0 9879
1 9874
1 9872
1 9877
1 9882
1 9880
0 9884
1 9883
1 9886
0 9885
1 9906
0 9896
1 9894
1 9893
1 9895
1 9902
1 9899
1 9903
1 9911
1 9908
0 9909
1 9912
1 9943
1 9936
0 9926
1 9919
1 9918
0 9921
1 9920
1 9923
0 9922
1 9930
1 9927
1 9931
0 9932
1 9940
0 9938
1 9937
1 9939
1 9941
0 9968
1 9958
1 9948
1 9946
0 9944
0 9952
1 9950
0 9949
1 9956
0 9957
1 9963
1 9961
1 9964
0 9965
1 9983
0 9977
1 9973
1 9972
1 9976
0 9974
1 9980
1 9978
1 9981
0 9993
1 9986
1 9984
0 9989
1 9988
0 9987
1 9992
1 9997
1 9995
0 9996
1 10000
-1
